8
64 57
228
1 2 3 1
12 1 9 3
13 7 19 4
17 2 15 1
18 5 20 2
21 1 22 1
18 9 26 4
25 2 27 1
43 2 45 1
52 1 49 1
29 2 32 4
36 3 37 1
39 1 40 1
49 8 53 3
61 2 57 3
8 34 13 26
6 3 6 4
11 3 11 4
8 5 12 6
33 3 35 8
2 4 2 5
35 10 41 5
39 4 39 5
58 6 58 7
64 5 64 2
9 17 10 9
23 5 23 6
62 5 62 6
26 37 29 25
34 22 34 11
53 38 57 15
23 50 16 40
56 7 58 20
7 9 6 7
21 8 21 9
24 8 23 10
41 8 41 9
45 8 45 9
63 8 61 7
6 11 6 10
28 8 28 11
32 10 33 6
11 10 11 11
25 10 25 11
52 10 52 11
54 13 54 8
60 11 60 8
63 10 62 12
20 11 20 14
44 6 42 17
1 12 1 7
5 15 7 18
14 12 16 11
22 12 22 15
47 2 43 15
3 13 3 16
9 20 17 21
31 13 31 14
10 14 10 15
27 14 27 15
38 14 38 15
63 15 62 19
8 16 9 12
14 18 15 14
33 15 32 17
16 16 16 17
35 17 35 14
44 18 44 13
43 19 46 3
12 18 12 15
19 17 19 18
55 18 56 16
10 18 10 19
24 22 25 16
34 18 34 19
36 13 35 25
1 22 1 17
31 19 31 20
39 20 39 13
64 19 64 20
6 20 6 21
13 21 14 27
28 21 28 18
19 21 19 22
40 12 39 30
57 21 57 22
60 22 61 4
11 22 12 24
24 24 24 41
38 22 38 23
63 22 63 27
15 23 15 24
24 27 23 21
36 24 37 20
54 23 54 24
2 24 2 25
5 25 5 22
16 35 16 38
21 27 21 20
41 24 40 22
47 24 47 25
50 24 50 25
18 28 19 24
11 26 13 31
27 26 27 31
32 27 33 25
57 25 56 29
1 27 1 28
6 28 7 30
52 19 41 55
48 27 49 27
34 28 34 29
36 29 33 35
4 29 4 30
16 26 16 33
22 29 22 30
45 29 45 30
49 29 49 32
59 29 60 35
48 42 48 23
53 33 53 26
60 30 60 33
63 30 63 31
18 31 19 31
25 38 25 29
31 31 31 32
40 35 39 33
2 32 2 33
14 32 14 35
44 32 44 33
63 45 64 29
26 33 26 34
29 33 29 34
31 35 31 28
48 34 48 35
55 34 57 35
20 35 20 36
3 36 3 37
18 36 18 37
29 36 29 53
40 56 39 36
43 35 41 38
50 36 51 36
7 37 7 38
9 37 9 40
28 37 28 38
30 37 30 38
50 38 51 38
2 45 3 45
5 38 5 39
60 38 60 39
21 43 23 28
36 41 36 38
49 4 40 40
10 42 10 39
21 40 21 41
30 41 31 47
34 41 34 36
4 41 4 42
32 42 32 39
14 56 42 57
18 42 18 43
38 42 39 42
44 43 44 40
12 38 5 46
7 43 7 44
16 43 16 44
27 43 27 46
33 43 33 44
42 48 41 50
59 48 59 41
62 43 62 44
7 46 7 41
17 50 19 33
28 44 28 45
36 44 35 42
51 45 51 40
53 48 55 41
19 45 19 46
35 47 36 47
41 46 42 42
43 46 45 39
13 51 11 50
23 47 23 44
27 48 27 53
46 46 48 57
60 44 60 53
64 52 64 33
13 47 13 48
16 47 16 48
19 48 20 48
46 48 50 51
48 48 52 25
62 47 62 48
3 48 3 49
10 48 10 49
55 48 56 36
20 50 21 50
32 49 32 50
49 49 50 57
64 50 64 47
30 50 30 51
36 53 35 51
47 49 47 52
53 51 55 50
58 50 59 50
32 52 19 56
40 52 40 49
9 53 11 44
17 52 17 55
24 52 24 53
45 52 45 53
52 56 59 56
3 53 4 53
5 54 7 57
7 54 7 49
13 53 13 54
18 53 18 54
33 56 34 52
4 33 1 57
47 55 45 56
49 54 49 55
27 55 27 56
62 57 62 56
4 56 5 56
9 56 11 55
24 56 23 54
58 57 60 28
78 69
353
4 1 1 1
9 3 4 5
10 1 7 5
15 1 14 3
18 1 19 1
22 4 26 1
33 1 34 1
44 1 46 2
48 1 47 3
49 12 49 9
52 2 51 4
57 3 58 1
69 13 67 4
75 1 76 1
78 1 78 8
6 4 6 7
17 2 21 3
23 2 23 3
26 6 36 1
39 40 35 33
70 1 73 1
78 12 75 10
35 16 41 3
43 5 47 14
54 3 55 3
71 3 70 5
77 3 77 6
18 4 18 5
36 4 36 5
55 5 59 6
75 4 75 5
1 5 1 6
24 5 22 8
29 5 31 4
53 8 53 5
19 6 19 7
23 9 23 10
31 6 31 7
39 6 40 8
48 17 40 16
50 8 48 11
65 6 65 5
13 4 11 11
12 15 14 8
24 7 24 8
44 7 44 6
2 3 1 11
5 9 5 6
29 3 32 3
62 7 66 14
69 8 69 9
76 8 76 9
12 9 12 10
17 12 17 7
31 52 44 68
59 69 61 68
63 9 63 10
4 10 3 12
30 10 30 15
34 10 34 7
55 11 56 9
71 10 72 6
7 12 8 6
9 14 9 9
29 8 25 15
32 9 33 13
53 11 52 13
56 17 57 25
73 11 72 13
11 13 11 16
19 13 21 6
25 13 25 10
27 12 27 13
36 13 37 3
41 13 41 10
43 12 43 13
2 13 2 14
6 13 5 15
29 14 29 11
45 14 44 10
56 13 56 14
61 15 61 12
76 12 77 14
15 14 15 15
73 14 73 15
27 16 26 18
37 15 37 16
53 15 53 16
63 13 63 18
76 16 73 20
1 16 1 17
8 16 15 12
18 16 16 19
23 16 23 17
51 15 50 19
37 24 38 12
67 16 65 21
71 17 71 18
29 18 27 19
38 20 38 19
43 18 43 19
54 18 54 19
60 18 60 19
35 18 32 22
43 23 48 19
68 19 68 20
6 20 6 21
15 23 15 32
20 20 18 21
45 20 45 21
55 23 55 26
61 20 61 21
9 21 9 22
21 21 18 23
24 21 24 22
39 22 38 22
51 21 51 22
3 23 3 20
29 24 29 21
36 22 36 23
49 15 49 24
60 22 60 23
69 23 68 23
7 22 14 20
51 28 52 20
1 27 1 20
8 24 8 25
10 24 11 24
23 29 23 20
25 24 25 29
39 36 38 26
52 24 52 27
70 29 69 27
75 25 75 20
6 25 14 18
11 31 10 29
14 24 16 27
35 28 34 30
46 26 47 26
66 26 66 23
3 9 2 29
5 26 5 27
14 26 14 27
19 25 17 32
50 26 50 27
76 19 76 30
6 29 8 28
12 28 12 25
26 27 26 28
42 27 43 27
54 27 54 14
73 28 69 15
32 26 32 31
41 28 42 30
49 41 45 28
50 40 54 47
56 32 59 10
67 28 67 29
4 29 4 30
7 31 7 32
17 29 17 30
31 29 33 32
49 29 49 30
55 30 56 28
65 29 66 39
73 34 74 36
36 30 36 31
39 30 39 31
3 31 3 34
27 30 26 40
51 31 51 32
65 33 67 38
71 31 71 32
22 32 22 15
27 32 27 33
58 33 59 31
8 34 6 33
14 50 16 49
18 34 19 40
22 19 22 42
24 33 24 34
45 33 43 32
76 33 76 34
11 34 11 35
28 27 27 41
43 34 43 35
48 35 47 33
52 34 52 35
60 34 61 32
28 35 29 35
51 37 64 1
60 38 60 37
20 39 20 34
25 36 25 39
29 38 31 37
37 36 37 39
53 36 53 37
63 36 63 37
70 39 71 35
1 37 1 40
16 38 18 39
27 37 27 38
45 36 47 39
63 39 62 43
77 41 74 43
5 37 1 30
20 43 21 37
76 39 76 40
4 40 4 41
46 41 44 42
53 40 53 43
74 40 74 41
2 42 2 53
11 41 10 41
14 37 13 45
18 49 19 45
23 43 23 38
33 36 33 39
49 62 48 64
56 36 54 39
31 34 35 51
37 42 37 43
71 42 65 15
10 43 10 32
43 43 43 44
41 63 42 67
7 45 7 40
15 44 14 46
28 43 27 59
33 45 33 46
3 45 3 46
26 45 26 46
31 41 31 48
52 45 51 47
60 29 58 46
30 46 30 47
48 47 47 47
63 45 63 42
66 47 68 32
75 47 75 44
3 50 4 44
15 47 15 48
19 47 19 48
22 47 21 45
41 47 41 48
42 59 44 52
45 47 45 48
61 49 61 46
71 45 72 53
1 48 1 49
58 48 58 51
60 50 59 52
74 48 75 50
78 48 77 18
6 49 5 49
50 49 50 50
64 49 64 50
10 49 7 63
20 50 21 52
25 57 25 54
34 50 34 47
46 50 46 49
48 50 48 51
73 56 70 46
5 39 4 55
8 52 9 38
15 54 17 55
18 52 18 53
38 51 38 54
66 51 66 52
75 53 76 43
1 52 1 57
5 56 14 56
28 52 29 50
37 46 33 55
36 52 36 53
47 52 47 53
70 52 70 53
8 57 5 53
34 53 34 54
41 51 41 56
43 53 43 54
52 54 52 59
56 45 54 60
6 54 7 56
12 53 10 58
47 60 46 58
71 56 71 59
12 55 12 60
20 54 20 59
46 55 46 56
61 56 62 52
66 56 64 55
68 55 70 58
23 56 23 57
39 56 39 57
44 56 44 59
53 56 53 57
62 58 59 62
65 58 65 57
76 57 78 56
50 58 50 55
7 68 15 61
16 58 16 59
23 59 23 60
33 58 34 60
72 58 72 57
3 59 5 60
7 59 7 58
9 69 20 63
57 59 57 60
40 58 39 60
51 60 51 61
58 61 58 58
43 61 43 62
65 61 64 59
70 60 73 62
77 62 77 59
29 62 28 64
33 62 33 63
57 63 53 64
63 63 63 60
70 67 76 68
18 64 18 59
35 63 37 64
72 68 73 60
75 64 73 45
4 61 4 58
8 67 10 60
10 64 10 65
22 64 23 64
39 64 39 65
53 61 55 50
54 68 56 67
68 42 65 66
67 69 68 59
6 65 6 66
12 66 13 62
25 65 25 66
32 65 34 64
41 65 41 66
47 65 47 68
51 69 54 65
60 63 61 59
77 65 75 66
19 69 24 63
16 65 11 69
30 68 29 66
1 68 1 69
36 69 26 64
40 68 40 69
57 68 57 69
69 68 69 69
42 57
157
1 1 4 1
8 1 8 2
19 1 20 1
21 2 22 2
20 7 24 4
28 1 25 1
32 1 30 2
35 4 34 2
6 2 4 7
10 4 12 7
12 2 12 1
38 6 38 3
42 4 40 5
12 4 12 5
16 10 15 2
19 4 18 2
27 13 28 33
35 8 32 8
7 5 8 9
14 5 14 8
37 5 38 1
9 6 9 7
27 8 28 4
3 6 3 3
15 9 16 5
38 19 37 7
1 9 1 18
6 8 4 11
29 9 32 3
40 7 39 11
2 10 2 11
11 10 13 15
41 3 42 15
22 11 22 10
26 12 27 10
29 15 32 19
36 15 36 18
38 14 40 9
3 15 3 16
13 12 13 13
31 14 31 15
33 17 34 15
6 11 4 20
4 25 6 14
18 15 18 14
19 16 18 12
7 15 7 16
9 15 9 16
11 15 10 13
5 16 5 17
14 18 16 15
35 16 35 17
10 17 9 25
22 16 23 14
30 17 30 18
8 18 8 19
20 18 20 19
3 19 1 28
11 19 11 20
18 19 18 22
25 21 25 18
16 25 16 40
20 21 21 17
26 43 19 43
33 24 35 21
14 21 14 22
28 21 28 16
33 56 39 45
39 21 39 22
41 21 41 26
10 30 11 40
32 22 32 23
37 20 37 25
6 21 3 21
11 23 11 24
21 23 21 28
41 19 40 25
23 24 23 25
7 25 7 26
3 27 5 24
10 26 9 28
13 26 13 27
18 26 17 18
23 22 22 30
27 27 28 27
19 28 19 35
17 28 17 29
25 28 25 29
30 28 29 30
32 30 32 27
13 30 12 32
16 31 18 30
39 32 39 29
23 32 22 38
26 31 26 56
19 37 16 37
8 30 7 38
14 33 14 34
40 35 40 34
6 34 6 39
2 36 2 33
9 35 9 36
10 33 10 42
17 36 17 33
30 39 30 34
24 37 23 37
26 37 27 37
38 36 38 17
2 39 1 35
4 38 4 35
12 37 12 38
14 37 14 38
17 38 18 38
34 37 35 31
38 38 39 40
42 37 42 40
4 41 4 42
7 41 7 44
24 50 23 40
35 41 35 42
5 50 5 45
16 42 16 43
28 43 28 40
30 42 30 43
33 42 33 43
9 39 13 42
35 44 35 39
40 43 40 52
21 44 21 51
11 49 11 50
20 45 20 46
31 45 32 45
6 46 6 47
15 46 15 39
31 52 31 33
1 47 1 48
3 46 3 49
13 49 12 45
16 48 16 49
18 48 18 49
38 48 37 56
7 49 7 50
37 49 37 50
23 56 26 54
41 51 41 48
12 52 11 54
27 48 30 56
34 51 34 52
2 52 2 53
5 52 6 52
3 55 17 54
24 53 25 51
21 54 21 55
35 54 35 55
9 55 8 51
1 57 2 41
11 57 12 57
74 77
349
1 1 2 1
7 1 8 1
11 1 12 1
19 1 20 1
34 1 35 1
36 3 38 4
45 10 42 8
43 2 44 2
46 2 48 5
52 1 56 4
62 1 63 1
68 1 69 1
1 3 4 7
27 3 28 1
27 28 29 11
22 3 23 1
34 3 31 3
48 1 48 2
59 4 60 2
64 3 66 4
12 4 12 5
23 45 26 31
30 4 30 5
43 7 41 4
62 6 65 2
8 5 8 8
33 5 30 7
43 9 43 12
9 6 9 7
11 16 13 3
18 5 18 12
34 6 35 4
40 7 41 7
49 10 48 8
53 6 53 7
1 7 2 5
16 2 15 8
28 8 28 5
58 7 58 8
71 7 71 8
35 9 38 7
37 9 37 6
10 9 10 10
18 7 17 11
41 10 40 14
52 9 52 10
60 9 60 10
24 10 24 11
57 18 55 17
62 10 62 11
69 10 69 11
1 12 1 17
31 12 32 8
35 12 33 21
50 12 50 15
58 11 58 12
74 3 74 40
3 12 3 13
56 12 55 14
64 8 65 10
70 17 69 13
72 13 72 10
7 13 7 14
11 14 14 2
18 15 17 13
37 13 37 16
42 13 42 14
41 18 44 18
68 8 68 17
5 29 7 16
9 17 8 11
22 14 22 15
24 14 24 23
61 14 61 15
41 15 41 16
57 15 57 16
63 16 66 16
19 16 19 17
31 21 30 15
45 14 48 20
52 20 53 20
5 17 5 18
13 17 13 18
16 17 16 16
34 18 35 14
47 17 47 18
49 17 49 18
60 17 60 20
73 17 73 18
3 18 3 25
11 75 8 77
22 18 22 19
37 19 35 22
51 21 53 14
19 4 18 20
39 19 37 22
62 23 62 18
70 20 70 21
21 21 21 8
31 25 29 32
49 21 49 24
58 20 57 26
1 20 3 15
6 22 6 23
6 20 14 19
52 23 52 44
58 22 58 23
8 23 8 24
14 23 14 24
70 24 69 22
2 26 2 27
18 24 18 25
65 25 65 22
72 24 72 25
28 25 28 26
37 25 34 25
52 25 52 26
59 25 59 26
63 25 63 26
70 26 70 27
10 24 10 31
41 26 41 27
4 27 4 28
14 27 14 32
19 27 19 28
46 26 45 24
65 19 64 33
68 28 68 23
1 28 1 33
6 28 5 24
24 29 24 26
28 37 41 21
70 29 70 32
72 28 72 29
31 29 31 30
37 37 48 27
51 29 51 30
8 30 5 40
41 31 39 30
43 30 45 33
60 30 60 23
67 21 68 35
10 33 11 27
19 31 13 26
35 31 33 28
59 31 59 32
23 31 28 33
33 32 33 33
36 33 37 27
48 32 48 35
5 33 5 34
17 34 17 31
53 31 52 39
54 33 54 34
56 33 56 34
60 33 61 33
2 37 1 51
10 36 10 55
13 47 16 27
22 34 22 35
70 37 68 32
25 35 25 38
56 38 57 32
60 40 62 35
65 35 66 35
32 36 32 37
35 36 35 37
40 36 40 37
65 37 66 37
72 38 68 5
8 37 8 38
15 37 16 47
22 37 23 39
49 37 49 38
4 71 1 73
4 38 4 35
19 41 19 34
34 38 31 48
62 38 62 39
65 39 67 38
11 47 11 48
16 40 16 41
40 54 40 41
57 40 57 41
64 38 64 43
71 39 69 42
26 41 26 44
45 42 45 45
49 41 49 42
61 43 60 51
6 58 7 56
21 43 20 25
34 45 37 35
34 42 36 43
42 41 41 47
53 60 52 34
56 50 56 47
66 44 67 40
2 43 2 44
33 43 35 44
43 43 43 44
19 44 19 45
28 44 28 45
38 44 33 48
7 43 7 50
15 45 15 46
25 43 26 51
30 46 34 35
39 45 37 58
60 45 60 46
67 46 67 47
22 47 23 47
44 47 44 48
74 46 74 47
18 47 17 57
64 47 64 48
71 45 71 54
17 48 17 53
42 45 39 63
48 48 48 49
52 51 52 46
62 49 62 44
69 49 69 48
22 49 22 50
42 49 42 50
61 63 62 51
12 51 15 49
24 48 24 53
34 50 32 53
49 50 50 48
72 50 72 51
35 49 32 57
43 34 41 59
46 51 46 64
54 52 54 49
7 52 7 53
14 52 14 53
25 52 26 54
28 52 29 52
44 52 44 53
44 60 47 36
58 52 58 43
65 53 67 54
63 53 63 54
68 51 73 53
3 54 3 57
14 57 12 54
20 51 20 68
24 57 24 58
38 54 29 56
53 54 53 55
15 55 15 56
65 62 68 68
12 56 12 61
19 56 19 57
34 56 34 57
41 56 42 56
59 57 57 62
61 56 61 57
69 55 67 62
11 57 11 58
18 55 20 66
49 57 49 58
13 58 13 59
22 76 17 76
26 58 28 61
34 59 36 54
51 58 51 59
59 59 68 77
72 58 72 59
24 62 23 66
64 59 64 60
9 60 10 60
35 68 35 61
40 60 40 61
48 60 45 66
67 60 67 57
2 61 2 62
32 61 31 65
53 62 54 64
6 60 6 67
59 62 58 66
14 63 14 66
22 64 22 61
29 63 29 64
42 61 42 66
24 64 24 65
36 64 32 75
67 64 67 65
2 65 2 66
11 66 12 66
27 65 27 66
34 77 37 61
33 66 36 48
39 65 42 77
50 66 50 69
72 67 72 62
3 67 3 50
24 69 24 70
27 77 25 76
42 69 42 72
44 67 44 68
51 67 51 68
63 71 61 66
9 68 9 69
12 68 12 69
17 68 18 62
26 68 26 69
48 68 48 69
55 68 55 75
58 68 58 69
61 68 61 69
65 68 65 69
72 69 73 61
5 69 5 70
15 70 15 71
21 71 22 69
30 68 30 61
39 70 38 74
47 70 47 71
53 72 53 75
67 70 67 67
71 71 72 73
74 70 74 71
8 71 10 62
22 72 22 73
37 71 36 73
44 71 44 74
12 72 11 70
20 73 14 68
26 72 26 75
57 72 57 73
63 73 59 76
2 77 5 77
9 73 9 74
14 73 15 75
48 72 56 77
7 75 4 75
63 76 61 73
74 74 70 77
13 77 14 77
20 75 20 76
41 75 42 75
65 76 69 65
28 76 27 50
31 76 30 72
45 75 52 65
51 76 51 77
74 76 74 77
60 45
170
16 10 9 16
9 1 9 2
23 1 23 2
38 4 43 8
46 1 46 2
49 8 48 2
50 1 57 5
1 2 1 3
1 1 1 16
22 8 19 2
28 4 29 2
32 4 33 2
3 3 5 2
18 10 12 1
19 9 11 6
25 2 24 6
27 17 25 14
35 4 39 1
44 3 45 3
60 3 60 6
21 4 22 4
26 4 26 5
37 5 33 6
49 11 44 7
3 7 3 10
3 44 6 40
16 5 16 6
54 8 51 8
29 6 29 7
39 6 39 7
41 6 41 3
55 6 55 7
13 5 10 9
34 3 33 15
40 8 40 9
8 6 9 12
28 9 28 10
58 9 58 10
14 10 14 11
20 11 21 13
25 10 26 10
36 8 36 13
56 9 56 12
2 11 2 12
6 11 6 12
13 40 16 24
49 21 54 23
54 13 55 15
3 14 1 19
30 13 30 8
33 13 32 9
39 13 40 13
41 21 39 10
46 15 41 19
47 13 47 14
59 14 59 17
6 23 6 14
13 18 15 13
20 16 23 14
41 15 41 16
43 15 43 16
6 17 5 19
11 16 11 17
15 15 16 17
31 17 28 23
46 19 50 14
60 19 53 9
23 16 22 20
26 16 27 22
29 19 30 19
47 18 49 17
3 20 3 17
37 12 37 37
39 18 39 19
44 18 44 19
9 19 10 23
19 19 19 18
51 20 51 17
2 21 2 22
8 20 8 21
11 20 11 21
13 24 15 19
31 22 31 21
42 23 42 18
18 30 19 24
58 22 58 13
1 23 4 31
39 22 39 23
52 22 53 22
24 23 24 24
54 27 52 26
1 27 2 31
34 24 33 20
41 26 42 28
43 24 43 27
50 24 52 13
2 25 2 26
7 25 11 30
33 27 34 27
49 25 42 41
10 26 10 27
29 26 29 27
13 28 14 26
25 26 24 32
26 27 27 27
60 27 60 36
23 29 23 18
38 30 38 21
45 28 45 33
48 31 46 26
59 24 58 38
59 28 59 29
6 30 7 34
26 31 25 33
44 29 44 30
47 29 47 30
16 30 14 37
29 30 28 32
57 39 56 37
30 24 31 40
41 32 39 33
57 31 57 34
1 32 1 35
14 32 14 33
48 33 57 23
52 37 55 19
56 32 55 36
3 33 3 32
17 33 17 34
20 33 20 34
33 32 33 37
11 39 11 32
13 34 13 35
15 45 21 32
29 36 28 38
39 43 41 36
49 34 49 35
2 41 1 45
6 37 8 32
25 35 24 39
4 41 5 33
43 36 43 37
8 36 8 41
12 37 12 38
20 38 19 38
40 38 41 40
25 38 15 43
34 39 33 41
45 36 44 40
15 39 15 40
20 44 29 40
38 39 38 40
10 40 11 42
20 40 20 41
52 40 52 41
17 41 19 36
22 41 22 42
40 41 40 42
45 41 48 39
17 43 18 45
26 42 27 24
52 43 53 39
59 42 60 38
44 45 48 42
53 44 54 40
12 43 10 44
37 44 37 43
46 45 47 45
50 45 57 43
58 44 58 45
52 75
229
2 16 3 20
3 1 7 4
12 1 12 2
15 1 15 4
21 1 18 7
21 40 23 27
24 1 30 4
35 2 30 2
37 2 41 5
39 2 40 4
48 5 47 7
51 7 51 12
52 1 52 2
9 3 8 1
17 2 17 1
34 6 36 23
25 11 25 6
44 1 47 13
51 4 51 5
7 8 9 5
16 28 16 41
22 8 22 3
26 7 25 15
32 7 32 8
2 8 2 9
20 4 19 12
48 9 47 9
16 9 16 8
18 14 20 11
35 9 35 10
3 11 2 11
49 19 49 20
16 12 15 12
23 11 23 24
30 11 30 8
40 12 40 7
49 11 49 12
4 6 13 4
7 21 5 16
8 13 8 14
15 14 16 18
32 11 30 16
35 13 35 14
39 54 38 68
9 12 8 30
29 14 30 14
52 15 52 16
46 15 46 16
49 15 49 16
28 16 26 17
1 17 1 18
11 22 12 12
12 18 12 21
46 19 40 24
39 22 39 17
42 19 42 20
16 20 16 25
24 28 26 19
31 18 28 40
38 27 36 18
1 21 1 22
4 21 4 22
18 22 19 16
30 22 30 19
46 22 47 20
51 21 50 23
5 36 5 43
24 22 24 23
41 22 41 23
6 23 6 26
12 31 12 26
34 23 34 24
45 23 45 24
48 25 48 28
2 19 3 29
18 29 18 26
25 25 25 26
29 31 32 17
39 26 36 16
42 25 42 26
2 26 2 27
20 27 21 15
29 29 25 36
35 26 38 44
51 27 51 30
7 28 7 29
26 28 25 32
36 27 40 28
14 29 15 33
10 31 9 25
15 30 15 31
31 31 31 28
38 30 38 31
47 26 48 30
52 26 52 45
10 34 10 37
40 32 42 29
46 32 42 15
7 32 7 33
17 32 17 33
19 33 22 37
42 31 40 38
4 34 4 35
38 34 38 39
42 46 42 33
45 34 45 37
9 35 8 35
22 34 22 29
34 35 34 38
49 35 49 36
13 41 13 34
28 36 27 38
32 40 31 48
48 37 48 34
48 41 48 44
42 40 42 37
3 39 1 36
2 43 2 46
29 41 30 41
51 42 51 39
8 42 8 43
18 43 18 40
35 42 35 43
38 42 39 40
45 42 45 43
7 44 7 45
9 41 9 48
16 44 20 41
9 45 10 47
33 41 33 48
35 54 36 38
24 43 22 46
39 46 38 48
13 51 14 37
22 48 22 65
24 52 25 42
29 47 29 46
46 47 46 50
15 48 15 51
19 48 18 46
44 48 44 49
48 51 49 45
17 56 17 47
21 49 23 50
32 50 35 58
40 43 37 47
41 48 39 51
45 58 52 52
4 50 4 47
6 60 8 51
21 51 21 52
27 50 27 51
15 66 11 49
35 29 34 55
44 52 44 53
1 53 1 54
22 53 22 56
26 53 26 54
42 51 38 52
42 53 43 55
49 53 49 54
7 41 4 53
15 60 6 70
25 39 26 57
41 54 41 55
45 55 46 45
18 55 19 53
36 56 36 53
13 54 11 61
42 59 42 60
51 57 49 56
7 57 6 53
17 58 18 60
30 57 33 67
42 67 36 60
49 58 51 59
4 58 4 59
11 59 12 55
21 59 24 75
36 70 35 62
46 59 50 46
24 60 25 60
32 60 31 64
1 61 1 60
6 63 4 64
43 66 44 60
52 61 52 62
22 62 23 62
18 63 18 62
25 68 20 74
40 63 40 68
45 63 44 65
4 71 9 59
47 65 47 62
52 54 52 69
2 66 2 63
7 65 7 66
17 66 19 73
20 66 20 63
11 67 14 53
21 68 25 71
34 75 29 63
2 75 6 68
16 67 16 68
29 67 29 68
35 67 36 65
48 68 48 63
46 71 49 73
49 71 49 64
14 65 16 70
23 69 21 70
45 69 45 70
1 71 1 68
7 73 14 59
13 70 13 73
36 73 31 69
40 74 41 70
51 71 51 70
14 75 17 75
16 72 16 73
28 72 28 73
32 71 32 74
26 73 26 74
42 73 43 73
50 75 47 75
29 71 27 70
37 71 38 75
45 75 46 73
52 75 50 62
78 69
339
1 1 1 16
11 1 12 5
19 2 14 6
22 4 21 2
23 2 26 2
27 1 31 2
34 3 34 2
39 2 40 8
58 3 53 3
59 2 63 3
69 2 70 2
75 4 75 1
4 3 2 4
9 2 10 2
18 4 17 4
46 52 45 36
52 2 52 5
66 67 68 56
71 37 69 8
26 10 28 7
32 3 32 6
50 1 53 1
6 20 1 20
6 4 6 5
17 6 16 8
27 4 27 5
64 6 68 3
65 4 65 5
70 4 69 6
10 5 10 6
19 5 19 6
29 5 29 6
39 6 40 6
45 1 42 13
54 5 54 6
58 9 60 24
69 51 78 39
47 6 47 9
64 19 61 7
18 7 18 8
31 8 32 8
13 7 11 14
27 8 27 9
33 9 38 1
65 8 65 9
74 6 74 5
77 8 77 9
17 10 20 4
22 6 21 12
31 12 32 12
35 7 35 6
38 8 40 21
43 9 43 10
53 23 58 7
20 11 20 8
40 4 34 11
49 12 49 7
53 10 53 11
55 11 56 3
61 10 61 11
66 7 66 12
72 13 72 8
76 24 75 32
22 14 17 18
39 11 39 12
63 11 63 12
71 12 71 9
74 12 75 10
78 11 78 12
6 9 6 16
12 16 12 11
20 16 27 20
40 13 40 14
52 13 52 14
77 13 77 14
8 15 8 12
18 17 18 12
30 20 28 13
36 14 35 16
37 17 38 15
59 14 59 17
61 14 61 15
70 14 71 16
73 14 73 17
3 15 3 6
45 7 45 26
48 15 49 15
51 16 53 21
55 17 55 14
1 65 7 68
26 16 24 7
28 16 28 17
63 18 60 4
76 16 76 17
30 18 30 13
32 17 32 18
49 17 49 18
78 15 77 31
8 18 8 19
4 19 3 21
9 20 9 7
24 22 24 17
35 20 34 18
55 20 54 18
63 20 63 25
67 19 67 20
74 19 74 20
11 24 12 18
21 35 20 29
37 20 37 21
39 20 36 24
43 20 43 19
72 20 72 23
76 20 76 21
7 21 6 23
13 21 13 24
21 21 21 22
32 21 32 22
46 21 46 16
2 22 2 23
4 30 4 25
15 23 15 18
26 33 26 48
36 22 38 29
50 28 51 28
55 23 55 28
59 22 58 20
44 23 44 24
62 23 62 24
7 29 7 34
16 24 15 26
51 24 51 25
73 24 73 25
1 25 1 26
7 25 7 26
12 25 12 26
42 26 41 20
49 26 49 21
56 40 57 38
62 28 62 27
19 26 19 27
28 38 28 25
33 26 34 26
39 28 40 24
53 26 53 27
65 26 64 22
9 28 9 25
13 29 13 30
15 29 18 23
29 27 29 28
32 27 32 28
77 27 76 29
2 28 2 29
25 27 24 33
42 29 41 25
45 28 45 29
55 30 54 36
57 28 57 29
15 31 18 31
22 29 22 32
33 29 34 31
36 29 36 30
27 32 28 32
62 30 62 33
67 32 68 22
1 31 1 32
11 31 12 31
25 34 25 29
33 32 31 41
48 35 48 40
8 32 8 33
14 32 13 34
13 43 14 45
37 32 38 32
50 32 46 49
73 33 73 30
3 33 4 33
10 21 11 29
56 32 56 37
60 34 60 31
24 35 24 36
44 35 45 33
52 35 52 32
6 35 6 36
35 35 37 28
41 35 41 36
62 37 62 38
69 35 69 36
16 36 16 33
26 37 27 35
77 36 77 37
2 37 3 35
10 39 9 35
12 36 11 36
42 31 36 34
40 39 42 38
53 42 54 40
78 64 78 69
22 39 22 40
31 39 33 20
33 39 35 28
47 38 47 39
68 38 68 41
3 40 4 36
15 39 15 40
18 39 19 35
27 39 27 40
58 39 58 40
12 40 12 41
17 40 17 41
20 38 19 42
38 41 36 38
50 41 49 39
70 40 70 41
73 40 73 51
10 41 13 47
23 41 23 42
22 37 23 47
55 41 56 43
58 42 60 39
63 39 64 45
4 42 4 43
13 39 14 9
17 45 19 52
26 42 27 46
37 45 38 45
76 41 76 44
7 47 7 46
21 50 27 23
29 43 29 44
26 68 36 65
41 42 41 41
48 43 48 44
66 18 67 50
8 44 8 45
40 44 40 45
55 45 57 44
58 45 59 45
68 44 68 45
72 44 72 45
19 46 19 47
28 64 26 63
32 52 31 44
36 44 37 48
44 46 44 47
76 49 77 51
3 69 5 44
17 47 18 49
53 69 53 66
8 48 8 49
13 49 14 57
16 51 14 68
30 49 31 53
57 46 56 56
58 48 57 50
65 37 63 44
68 48 68 49
1 50 1 47
51 55 53 46
71 49 71 50
8 51 9 47
41 49 42 67
60 50 60 51
28 50 28 53
29 51 29 56
45 51 48 51
58 62 60 41
62 52 62 49
8 53 11 53
68 52 68 53
77 53 77 54
11 60 15 59
7 54 7 55
8 57 9 55
17 54 17 55
25 54 26 54
45 54 46 54
61 53 64 51
66 65 65 49
72 55 73 57
15 55 15 56
22 52 20 65
26 57 26 58
35 64 42 48
49 50 43 53
65 55 66 63
17 63 20 51
20 56 19 58
33 56 33 59
47 56 47 61
61 57 63 56
1 58 1 53
3 57 3 58
6 57 6 58
12 57 12 58
48 57 47 69
44 58 44 61
50 58 50 61
63 63 62 59
67 58 68 58
13 59 13 60
19 64 21 55
27 59 27 62
55 53 56 63
59 57 58 55
75 58 74 62
77 62 77 57
5 67 5 50
8 65 10 58
34 62 35 54
38 58 37 62
40 48 41 62
75 60 75 61
1 61 1 62
22 65 24 66
53 60 53 63
70 60 72 63
14 62 12 65
39 62 39 63
44 65 45 57
30 64 32 43
32 63 32 60
59 54 55 67
68 65 68 62
71 64 71 65
75 64 75 65
18 68 33 42
36 59 43 69
39 65 39 66
51 63 52 67
69 67 75 68
78 66 78 67
9 68 10 62
36 68 41 68
50 67 51 57
33 68 34 68
45 68 45 69
61 68 61 69
73 69 72 67
64 50
195
1 1 2 1
5 1 5 2
17 1 17 4
20 1 23 5
28 2 29 2
32 3 36 6
42 1 43 1
45 1 51 6
1 10 3 5
8 1 4 4
34 12 36 15
49 15 51 8
51 2 51 3
58 6 59 2
62 1 63 3
6 6 7 10
11 3 14 1
20 4 22 3
30 3 30 4
60 3 60 4
1 5 1 2
34 4 34 5
37 4 38 2
40 5 40 2
44 4 44 5
61 7 64 5
46 5 46 6
48 5 48 6
55 8 53 3
11 6 11 7
15 8 15 5
19 9 17 10
25 5 26 13
35 8 35 9
38 8 37 14
49 11 49 12
8 9 9 5
13 9 14 3
32 8 32 5
41 9 41 12
53 22 54 24
6 9 6 12
37 10 37 11
47 10 47 11
52 10 52 11
63 10 63 11
18 16 18 17
30 11 30 12
40 11 40 8
44 9 44 8
57 13 57 14
22 11 21 13
54 12 54 13
19 14 20 8
27 10 28 14
39 14 42 8
61 13 61 12
6 14 5 16
12 25 11 43
63 14 62 24
12 15 12 18
24 15 23 17
29 17 27 20
37 16 40 16
43 15 42 27
46 15 46 30
56 37 62 50
62 15 62 22
21 15 20 21
52 17 52 14
54 16 54 17
57 17 53 6
60 16 60 17
2 12 13 50
21 17 21 18
25 21 25 14
37 20 39 17
6 18 7 18
15 14 14 10
40 38 41 34
51 18 51 19
57 20 53 19
59 18 60 20
14 19 13 29
23 21 21 20
33 20 33 17
4 20 4 21
38 21 38 18
12 21 12 22
23 23 20 23
34 24 36 29
42 21 42 22
45 23 48 21
50 23 49 17
46 45 60 50
29 23 29 24
32 23 32 24
36 23 36 26
43 25 43 18
7 26 8 22
16 24 16 29
25 25 24 27
45 27 45 28
2 18 2 43
21 27 22 31
33 25 33 26
39 26 39 23
46 25 46 26
52 24 49 28
2 26 2 29
17 18 19 35
30 27 31 37
40 27 40 28
53 27 53 28
55 29 56 21
43 29 43 30
11 29 11 30
19 29 19 32
33 28 35 33
15 30 15 31
40 30 40 31
58 31 59 23
8 32 8 27
24 32 24 29
26 32 25 34
52 30 54 33
3 38 5 29
31 32 31 33
50 33 50 34
52 32 52 33
58 33 59 25
8 38 7 20
27 33 27 34
44 32 42 37
45 33 45 34
48 34 50 29
62 34 62 27
64 12 63 36
32 35 32 42
36 37 36 36
55 34 55 35
3 36 3 31
11 35 9 12
21 35 22 41
46 35 44 42
59 35 59 36
33 36 30 20
46 37 46 38
48 38 48 37
17 37 18 39
27 37 28 45
29 37 29 42
23 39 24 35
43 38 43 39
7 43 9 40
37 39 37 40
61 39 61 40
6 40 6 41
20 40 20 41
27 40 27 41
36 42 35 38
43 50 43 49
59 43 61 48
8 44 9 42
6 44 9 34
38 34 40 49
53 41 53 42
62 38 61 44
64 46 64 25
17 44 16 32
29 49 28 49
40 42 40 45
57 43 56 41
62 42 62 43
55 44 59 39
34 44 32 49
7 49 6 47
25 50 20 48
31 46 30 46
38 45 38 46
42 46 42 43
44 46 46 41
49 43 49 50
54 45 54 46
10 46 13 34
22 48 23 44
51 42 49 41
58 46 58 49
39 48 36 44
2 48 2 49
11 49 13 32
16 48 15 46
18 49 18 46
45 48 45 49
35 50 38 50
