7
64 57
217
1 1 2 1
15 1 12 3
24 1 23 3
26 2 21 10
32 1 32 2
38 14 42 9
40 1 40 2
43 2 44 4
46 3 46 6
47 1 48 1
62 3 58 4
64 1 60 4
20 1 16 4
18 5 21 5
36 2 35 4
62 6 62 9
3 5 3 10
31 23 24 39
29 3 29 4
33 5 34 1
50 11 51 1
52 15 52 4
54 4 54 1
8 3 5 1
7 4 7 5
39 4 39 7
43 6 44 6
47 4 47 5
13 54 18 38
42 7 41 3
50 16 46 9
56 1 56 6
12 19 7 17
12 7 14 4
20 7 24 20
22 6 22 9
29 7 28 5
35 14 37 5
3 14 3 15
8 7 8 8
26 7 26 8
29 11 30 15
48 28 46 55
48 7 47 19
53 10 53 5
60 7 51 57
7 9 10 5
16 8 16 9
28 8 28 9
36 9 36 12
31 10 33 11
41 44 40 16
57 10 56 14
64 37 63 35
7 15 5 14
8 14 9 10
15 11 15 12
6 12 6 13
9 12 9 13
18 12 18 13
20 12 20 13
26 12 26 13
40 12 40 13
1 13 1 14
29 20 26 20
42 20 42 11
58 13 56 18
13 14 13 15
25 14 25 15
47 12 46 14
64 14 64 19
22 23 20 50
55 15 55 16
34 16 34 17
58 16 59 16
3 17 3 28
10 17 6 20
15 17 15 18
48 21 49 23
58 35 58 32
9 18 8 22
15 15 15 20
19 19 17 10
22 19 22 20
45 19 45 20
50 20 51 18
55 20 55 23
57 19 56 21
60 20 60 15
21 21 21 22
30 21 33 15
35 41 33 48
51 24 50 22
28 22 29 24
44 23 44 8
46 22 46 23
37 27 38 21
16 24 17 32
18 23 17 21
54 24 53 20
62 24 62 25
2 25 5 17
17 25 17 26
34 23 32 28
40 25 40 26
51 31 50 27
13 26 13 27
52 26 52 27
55 26 56 28
61 26 61 27
8 28 8 25
10 26 12 21
24 25 22 30
27 27 27 28
45 28 46 26
63 11 62 31
30 26 30 31
43 28 42 22
14 31 14 32
19 27 20 37
10 36 11 30
33 35 33 26
37 30 36 32
42 30 42 31
53 31 54 29
1 31 4 29
32 31 32 32
49 57 49 44
49 32 48 30
61 32 62 34
64 33 64 30
22 36 22 39
26 34 26 31
51 33 51 36
56 33 57 33
8 45 7 29
9 34 9 35
11 34 11 35
36 34 36 35
46 35 46 32
2 34 2 39
3 37 3 30
7 35 7 36
19 35 19 36
39 28 38 40
53 37 53 34
58 56 64 39
39 36 39 37
42 34 44 51
48 36 48 37
27 36 26 42
29 37 28 39
32 40 31 36
4 38 4 45
13 52 10 38
16 36 16 41
31 38 31 39
15 38 14 46
51 41 50 37
57 39 57 40
3 50 3 53
18 40 19 48
24 42 24 41
41 40 41 41
32 56 28 25
46 40 47 54
1 38 2 52
6 42 7 38
50 42 50 43
58 42 59 42
60 51 60 50
15 57 10 53
21 43 21 44
35 43 35 44
53 40 53 47
11 45 11 40
17 35 15 40
22 46 22 57
42 46 42 39
58 38 55 36
27 48 26 46
30 45 30 46
50 46 50 47
58 48 59 44
29 47 29 44
37 51 36 49
38 57 47 57
60 46 60 47
10 47 10 48
24 49 21 47
38 29 37 55
56 47 56 48
61 48 61 45
14 50 15 48
27 57 28 51
31 49 23 54
34 50 34 55
52 55 53 57
59 54 63 57
6 51 5 49
23 50 21 51
52 53 54 50
63 51 61 54
8 51 8 54
50 52 50 49
8 49 9 55
15 51 15 54
42 51 41 55
48 53 48 50
36 57 36 54
43 54 42 56
1 55 2 57
4 52 4 57
32 54 33 52
38 54 39 54
19 51 20 57
17 57 18 55
66 67
293
1 1 1 2
6 1 7 1
12 4 11 2
19 1 13 8
35 1 36 1
42 2 48 3
52 1 49 1
56 2 57 2
62 2 58 1
63 1 64 1
6 3 7 3
13 5 14 1
34 2 32 1
38 3 41 5
52 12 50 13
54 2 52 5
62 8 59 6
20 5 21 1
29 7 29 14
33 7 36 7
37 6 41 1
4 4 4 5
6 6 7 8
15 45 18 23
23 30 18 6
31 7 30 13
65 4 66 2
2 6 1 8
8 5 8 6
46 3 45 13
54 10 60 7
27 7 29 10
35 6 33 9
54 7 55 5
31 11 24 1
11 8 11 9
51 8 51 11
2 20 2 15
3 9 1 4
5 10 5 7
15 7 16 13
22 10 22 7
26 9 27 11
39 14 40 22
40 9 40 6
18 15 18 8
36 11 39 5
58 10 59 12
60 14 63 10
7 20 6 12
7 13 9 8
9 22 15 19
23 6 23 17
42 12 41 12
43 9 45 8
56 10 58 13
23 12 23 13
46 12 49 12
55 16 55 13
21 13 21 14
42 18 43 14
62 11 59 15
64 13 64 14
15 15 15 16
33 14 33 15
6 15 6 16
31 15 31 16
37 22 38 20
50 18 47 18
20 19 20 20
37 13 38 27
43 16 43 17
51 16 51 17
66 16 66 15
6 22 5 18
21 17 21 18
32 17 32 18
36 17 36 18
54 17 59 9
58 16 52 19
59 17 59 18
63 16 66 10
9 16 8 14
17 18 17 19
56 18 56 19
25 17 25 20
41 19 41 20
29 21 28 15
38 66 46 53
60 32 59 36
1 21 1 22
1 25 4 15
21 21 21 22
36 24 35 20
59 21 54 23
64 28 63 30
17 22 16 26
23 22 22 20
28 23 28 20
14 25 14 22
15 23 15 24
32 21 32 26
38 24 44 19
2 24 3 22
26 24 27 14
41 24 42 24
44 23 44 32
56 27 56 22
1 27 1 30
24 39 23 25
29 25 30 23
34 25 34 28
42 26 42 27
44 25 44 26
12 26 12 27
35 26 35 27
49 25 49 28
40 32 36 31
52 25 52 30
61 27 61 28
16 28 15 30
22 57 19 41
21 28 20 30
36 28 35 30
41 28 42 34
3 28 4 36
13 29 13 30
32 30 31 32
43 42 39 39
43 29 43 30
56 29 57 21
3 30 3 35
5 30 5 35
26 34 30 27
27 30 27 31
30 30 30 31
45 30 45 31
51 32 51 29
2 34 1 34
8 30 8 35
17 31 17 32
66 31 66 32
8 32 8 33
57 39 58 31
15 38 14 32
21 34 21 37
41 36 41 43
47 26 45 35
58 33 58 34
63 34 64 32
14 34 14 37
22 31 22 36
31 37 33 32
36 34 36 35
50 34 50 37
65 34 65 35
2 37 1 45
17 35 16 43
55 36 55 33
5 38 6 42
11 39 11 30
16 36 16 37
62 36 61 36
37 33 37 46
42 37 42 38
47 36 45 45
66 37 66 38
8 38 8 39
23 38 22 42
29 49 24 37
30 40 33 36
54 37 54 38
61 38 61 39
64 39 64 36
2 40 4 39
34 38 34 41
35 39 35 40
43 40 42 40
51 39 51 40
47 40 47 41
65 40 65 41
4 41 5 41
13 41 13 46
17 42 17 39
66 67 56 48
4 45 5 43
52 36 49 40
64 42 64 43
24 43 24 44
27 43 27 44
48 43 48 44
51 43 51 44
54 43 54 44
66 43 66 44
35 44 35 45
61 44 62 44
19 45 20 45
47 51 48 53
57 43 57 50
60 43 59 49
7 46 7 47
16 46 16 47
26 46 26 47
41 46 41 47
44 46 44 47
47 46 47 47
50 46 50 47
62 46 62 47
2 47 2 48
9 46 9 51
52 48 50 51
4 48 4 49
9 48 9 49
6 55 9 67
19 49 20 53
25 49 26 49
39 49 39 50
45 49 45 48
51 49 53 46
6 53 1 61
14 51 14 48
20 56 18 51
29 56 29 51
37 50 37 51
5 51 6 49
24 51 24 52
27 51 27 54
65 51 65 48
16 52 16 53
22 53 22 60
50 53 49 61
40 54 39 52
57 54 60 54
65 53 65 54
3 52 6 64
30 54 30 57
34 48 35 52
53 53 52 59
55 54 54 56
9 55 10 55
14 54 14 65
17 57 17 58
28 58 27 64
49 55 49 56
5 56 5 57
8 56 8 57
12 40 10 57
14 56 14 57
44 57 44 54
51 54 50 58
52 66 54 63
24 57 24 58
32 58 31 44
39 58 38 56
62 64 64 59
63 58 62 56
4 59 4 60
6 58 7 60
21 59 18 65
27 59 26 63
33 60 33 61
36 60 38 53
38 63 38 64
47 57 45 60
47 60 48 60
59 58 59 63
16 60 14 63
19 61 19 64
36 58 36 63
44 61 44 62
47 67 46 67
5 62 6 62
8 62 8 63
16 62 17 62
59 66 62 52
63 62 63 63
66 62 66 65
16 65 21 61
23 62 23 65
25 65 24 61
34 63 34 64
65 63 64 65
33 66 31 63
45 64 45 65
48 64 48 65
55 64 54 66
57 65 53 60
27 67 29 64
40 64 42 59
1 67 1 64
19 67 22 67
29 67 36 53
44 67 44 66
61 52
201
2 2 10 1
12 1 13 1
20 2 19 4
22 1 23 1
29 2 24 6
38 1 38 2
40 12 40 11
52 1 51 17
14 3 10 16
16 4 18 1
43 3 42 5
48 2 48 3
1 4 1 1
12 4 6 11
39 3 39 4
8 4 6 7
21 4 21 3
35 38 31 41
37 4 37 5
54 9 57 1
20 5 20 6
27 5 29 4
46 5 46 6
60 5 59 1
4 6 4 7
15 6 15 9
31 12 31 1
30 6 31 6
49 7 44 7
12 6 12 9
15 19 22 23
20 8 22 7
33 7 33 8
47 9 40 37
52 4 55 2
29 18 30 14
35 8 35 9
56 8 56 9
2 9 2 6
4 10 5 8
26 10 22 9
50 9 50 10
55 5 53 10
1 11 2 11
8 10 9 14
14 13 15 17
42 11 42 8
13 11 13 12
29 12 29 9
34 11 34 12
38 12 38 9
56 13 58 8
55 14 61 37
7 9 5 14
11 12 11 13
50 18 49 14
51 19 57 18
27 13 26 17
42 14 42 15
46 14 46 15
58 21 59 15
7 39 10 51
52 16 52 9
6 16 6 17
23 14 22 18
49 16 49 17
3 17 4 15
7 15 6 43
11 19 10 7
35 22 32 26
36 17 36 18
25 18 26 20
27 18 27 25
38 17 40 14
60 18 60 19
17 22 18 18
31 20 31 17
48 19 50 30
4 19 2 14
18 20 18 21
23 20 23 21
34 21 34 18
41 20 41 21
44 12 44 25
2 22 2 19
9 19 9 20
15 23 15 24
24 19 23 25
26 29 29 43
39 21 39 22
52 21 52 22
49 22 49 23
59 23 59 28
19 25 20 17
33 28 34 24
43 24 43 21
3 27 1 30
4 24 4 25
12 26 11 24
41 24 41 25
47 17 50 21
17 26 19 23
35 25 34 27
37 19 37 36
53 23 57 20
20 26 20 33
22 27 22 30
57 26 57 27
7 27 7 32
12 23 10 34
19 30 18 32
24 27 24 28
29 27 29 20
38 28 37 8
40 29 40 34
55 27 55 28
61 27 61 28
30 29 29 23
51 28 51 29
3 29 3 30
29 32 30 32
43 29 43 32
60 30 60 31
9 41 13 20
12 30 12 31
37 30 37 31
45 34 44 28
46 30 47 30
52 33 49 33
57 30 57 31
15 34 14 36
26 31 25 35
34 31 34 32
55 31 53 28
49 31 51 34
29 36 30 38
43 35 43 34
13 52 24 52
27 33 26 37
32 34 32 35
38 35 38 32
54 34 51 36
3 33 3 38
15 28 10 38
34 35 34 36
11 36 10 40
20 45 23 33
45 36 47 35
13 37 16 37
28 37 30 42
46 43 46 42
11 45 15 40
33 38 32 40
38 38 36 41
46 38 46 39
51 49 49 50
52 38 51 42
57 39 56 29
16 33 13 41
21 37 21 44
40 39 40 40
48 40 50 35
3 43 1 32
12 42 11 42
59 40 57 35
19 37 20 49
24 42 25 42
39 41 43 40
60 41 60 44
38 42 38 43
59 48 54 52
28 44 22 51
21 46 23 35
44 45 42 36
52 44 52 45
57 47 57 42
10 46 10 49
18 43 17 47
25 44 24 38
34 45 34 46
36 45 36 44
50 46 50 43
55 43 56 41
45 52 36 48
46 46 42 49
50 37 48 44
60 47 61 39
13 49 14 45
14 47 14 50
53 48 53 41
9 50 8 46
22 49 23 47
31 49 32 47
61 49 59 50
7 49 7 50
39 49 38 51
53 50 54 44
26 52 30 45
41 51 41 44
17 52 18 52
61 52 61 51
66 67
271
1 14 1 7
11 2 14 4
15 1 15 2
21 1 21 2
30 4 23 2
50 4 51 6
54 4 54 3
55 1 39 14
61 2 62 2
64 3 62 4
1 2 1 1
5 2 5 1
8 1 9 9
22 6 24 5
40 3 39 1
46 1 45 1
5 14 5 13
35 5 36 5
44 7 44 2
48 3 48 4
52 3 53 5
6 4 6 5
9 4 9 5
12 67 11 63
27 3 28 7
60 30 60 25
11 5 11 8
18 7 18 2
41 5 43 4
47 10 47 9
48 6 48 7
65 4 66 8
31 2 31 11
33 6 34 20
8 16 6 11
16 7 16 8
44 35 32 54
41 8 33 3
30 8 27 8
37 8 37 9
65 14 58 2
23 4 26 6
26 14 21 18
61 9 63 6
13 10 13 9
35 11 35 8
59 8 59 13
61 11 62 11
56 23 57 19
10 12 10 11
13 13 14 15
20 4 21 16
45 11 45 10
49 11 50 7
15 14 14 6
24 14 24 11
41 13 41 14
30 15 31 15
50 14 50 15
63 14 63 15
4 29 6 24
26 67 13 57
25 15 25 16
28 11 27 17
49 16 43 19
58 15 58 18
16 17 17 15
28 19 29 17
38 15 39 19
42 63 50 58
66 12 64 17
1 17 1 18
7 18 7 21
17 10 14 20
28 21 23 23
41 18 42 16
51 17 50 23
5 21 7 10
18 18 19 18
50 25 53 7
50 18 50 21
53 16 55 19
8 19 8 20
10 18 10 27
17 19 17 20
19 23 19 22
23 36 23 27
26 19 26 20
54 22 50 37
12 20 12 21
36 22 36 19
42 20 42 21
4 27 3 19
2 23 2 20
16 22 15 22
41 22 44 24
48 22 48 23
51 24 53 13
64 22 66 21
13 49 15 18
25 23 25 24
28 33 28 28
33 24 34 22
46 24 46 21
66 33 66 32
28 24 28 25
31 24 31 25
36 31 35 37
60 23 60 20
9 22 8 30
19 31 19 26
38 11 31 37
64 25 64 26
1 28 1 33
26 27 26 22
39 26 39 27
47 44 47 27
60 37 53 27
62 26 62 13
12 30 11 28
33 30 33 31
36 27 36 28
40 28 40 25
10 49 10 40
19 28 19 29
17 30 17 31
38 29 37 33
49 30 49 27
58 29 58 30
64 29 64 30
14 31 14 28
44 30 44 33
52 30 53 34
23 31 23 32
4 32 4 33
6 32 7 32
57 32 57 33
3 40 6 30
20 33 21 37
25 33 25 34
29 31 27 32
41 35 41 30
55 34 55 31
62 34 62 31
22 35 25 59
33 36 33 33
50 32 49 36
18 35 18 36
38 35 38 38
50 50 55 48
56 53 56 44
66 36 64 33
10 36 10 37
27 34 25 63
47 36 48 38
66 40 66 45
24 37 24 38
27 37 27 38
29 35 27 40
36 36 35 40
41 38 41 39
43 38 43 39
13 40 12 32
49 39 48 41
59 47 61 38
62 41 60 34
6 42 5 38
17 41 17 62
59 43 59 38
21 41 21 42
29 42 30 38
33 41 32 39
39 41 39 42
46 41 46 42
10 43 10 44
19 42 19 43
26 43 26 44
43 42 43 43
1 45 2 37
49 43 49 46
62 43 61 65
17 44 17 45
32 44 32 45
41 44 41 45
43 45 44 41
54 45 57 39
5 45 5 50
11 45 11 46
13 46 13 43
27 46 28 44
32 47 33 43
64 46 62 45
7 46 7 47
22 55 21 39
40 47 40 48
5 48 5 43
28 67 35 63
36 47 36 48
51 48 51 43
60 49 65 63
1 48 2 48
2 50 8 45
17 48 17 49
29 47 28 51
47 48 46 50
51 56 52 42
62 50 61 54
15 49 15 50
21 49 21 50
29 49 33 38
34 50 34 51
35 44 37 49
53 50 53 51
58 51 58 48
14 54 12 53
20 51 20 52
49 51 49 52
61 51 61 52
9 55 9 50
22 52 22 51
27 57 29 58
41 52 41 53
45 53 46 45
63 59 64 49
10 53 11 55
39 51 38 51
4 55 5 57
46 54 46 55
35 55 35 56
54 55 54 56
57 55 58 59
58 54 59 58
19 56 19 59
25 56 25 57
43 56 43 57
46 61 49 65
1 57 1 58
52 57 48 58
56 57 56 58
9 58 9 59
16 58 16 59
42 61 38 56
44 62 44 55
1 63 4 53
22 59 22 64
34 59 36 54
37 59 40 59
47 59 47 60
23 60 23 61
64 60 64 61
3 61 3 62
5 61 8 67
10 61 10 62
24 64 28 59
38 61 38 62
48 63 47 63
7 63 7 58
20 63 20 60
38 64 41 66
40 61 39 65
50 67 62 58
59 63 59 64
27 64 28 64
63 64 63 65
47 65 47 66
55 65 56 65
5 66 5 65
1 66 4 64
56 63 55 67
65 66 65 65
17 67 18 67
52 66
208
1 1 1 6
8 2 2 5
11 17 9 26
24 1 17 1
30 1 33 1
38 1 40 2
46 1 47 1
52 1 52 2
13 1 12 5
18 3 15 3
24 65 18 60
23 2 22 6
34 4 34 3
39 7 36 3
8 4 3 4
26 1 28 2
31 3 35 6
50 1 49 9
6 5 3 7
39 4 39 5
44 4 44 5
41 8 41 3
52 5 52 8
9 6 9 7
14 9 14 6
20 6 20 7
27 7 24 9
47 6 48 2
43 34 43 53
51 10 49 13
15 17 15 16
16 5 17 11
28 8 28 9
42 2 46 3
6 10 6 7
22 13 20 14
30 13 29 5
40 9 40 10
9 10 9 11
36 10 36 11
46 10 46 11
6 12 4 19
20 12 21 8
29 12 28 12
12 12 12 13
39 12 39 13
42 10 43 14
48 14 45 34
14 14 14 15
7 15 7 16
35 15 35 16
50 15 50 16
9 17 9 14
35 19 24 23
33 11 31 28
39 16 40 18
47 20 46 14
29 14 25 15
31 17 31 18
51 14 51 65
14 21 13 29
21 29 22 15
36 18 37 8
11 19 9 20
22 19 22 24
29 22 29 17
5 20 5 21
10 64 31 66
40 15 33 23
49 20 49 21
1 21 2 13
7 24 7 19
10 22 10 23
13 22 13 25
4 23 8 18
18 48 15 44
17 23 16 27
27 25 27 24
40 23 38 22
50 23 50 26
16 24 16 25
28 64 21 62
43 24 43 25
49 28 46 22
4 28 6 25
23 26 23 27
32 16 32 39
8 31 9 31
25 30 25 25
34 53 41 55
44 27 44 28
35 29 36 23
1 30 2 28
7 29 6 31
11 30 11 25
46 30 47 32
15 30 15 31
23 30 23 31
42 33 42 22
1 38 4 26
36 32 36 33
41 32 41 29
51 31 52 29
7 32 6 34
9 33 9 34
4 34 3 34
11 33 11 34
20 47 19 33
27 33 27 34
30 32 29 36
49 30 44 40
13 34 13 37
20 35 19 35
33 34 33 35
24 35 24 36
41 35 41 36
7 37 5 36
19 37 19 42
38 36 38 37
46 36 46 37
3 37 3 40
27 40 26 36
30 38 31 36
28 38 28 39
40 38 39 30
20 39 20 40
37 40 37 35
45 42 44 44
6 38 9 38
13 40 13 41
15 41 15 38
17 43 19 20
36 42 36 37
1 41 1 42
29 41 29 42
32 41 34 30
39 41 39 42
42 42 42 47
28 27 29 45
48 47 48 40
51 40 51 39
8 43 8 44
32 44 33 44
16 57 16 62
31 46 29 49
34 43 34 48
45 60 40 56
10 47 10 42
39 50 42 40
2 52 3 50
11 41 12 55
25 50 24 46
39 47 39 48
7 45 9 40
45 48 45 49
23 48 22 52
31 48 28 54
42 52 40 51
45 46 45 53
49 49 49 50
52 45 52 60
2 55 4 62
10 50 10 55
23 50 23 51
28 50 28 51
9 51 9 52
48 53 50 48
32 52 32 53
35 52 36 50
38 52 38 53
16 53 16 54
8 54 7 52
13 53 15 58
23 54 23 55
26 65 25 41
37 66 35 65
36 47 36 60
7 57 7 60
30 64 30 53
33 51 32 63
35 55 34 59
46 56 46 59
21 56 21 59
30 56 29 58
18 57 19 55
32 57 32 58
49 60 49 39
10 58 10 59
12 58 12 57
43 60 44 62
50 58 50 59
5 60 1 57
14 63 19 61
26 60 27 62
40 65 36 64
12 61 12 62
24 61 24 62
30 61 30 62
35 61 35 62
42 61 42 62
10 62 7 64
18 62 18 63
5 63 6 63
43 64 42 66
4 65 6 66
13 64 19 65
46 62 48 59
2 66 1 64
53 68
236
2 1 2 2
5 3 3 8
6 1 6 2
8 1 12 2
13 1 14 1
23 11 18 5
25 3 27 8
26 1 27 1
38 31 39 23
50 3 42 8
13 16 14 42
19 1 20 5
30 1 26 4
33 2 35 5
40 1 40 2
1 6 2 4
23 1 23 2
30 5 30 4
33 7 32 13
35 3 36 1
39 3 39 4
47 5 49 4
11 3 6 5
10 12 7 12
12 5 12 6
16 7 15 3
27 5 30 13
51 1 49 10
4 9 4 2
6 11 2 10
49 6 48 8
6 7 6 8
35 8 37 9
39 7 39 8
13 9 13 4
29 7 32 11
16 9 14 26
22 9 22 6
26 16 27 10
30 25 37 11
14 11 13 13
20 11 20 8
29 10 29 11
34 10 34 11
40 10 40 11
18 11 18 18
48 57 49 37
44 5 41 23
51 13 51 10
17 68 9 51
39 13 39 14
47 14 47 11
4 14 4 17
20 17 23 13
43 14 45 15
52 6 52 17
1 15 1 18
36 15 35 15
39 18 39 17
44 16 43 16
8 17 8 14
12 17 12 18
28 17 28 18
15 31 24 7
26 19 25 19
6 18 5 24
9 19 11 8
20 33 18 48
35 20 34 16
50 19 50 20
2 20 3 42
4 20 4 21
7 20 7 21
37 20 37 21
52 20 52 21
30 21 30 22
45 22 46 22
14 44 11 20
18 23 19 25
25 22 25 23
32 23 32 16
36 22 37 24
12 23 12 28
34 14 36 27
46 27 46 26
51 23 51 24
36 48 32 55
40 24 40 25
49 22 46 16
47 24 47 25
4 26 4 27
8 24 8 35
18 26 18 27
24 26 24 31
31 26 31 29
34 26 35 28
41 30 40 34
26 30 26 25
53 28 53 5
19 28 19 29
5 29 6 39
10 23 11 33
15 35 14 47
22 30 21 28
38 26 36 33
37 29 36 35
44 28 47 36
51 29 49 34
33 30 32 36
40 31 40 32
43 31 43 34
3 33 4 33
37 36 38 38
44 37 43 29
53 54 52 64
27 34 27 33
30 34 29 32
12 35 11 39
18 39 18 38
20 35 20 38
45 36 45 33
52 35 52 36
4 38 5 34
6 36 6 37
10 36 9 38
21 36 21 37
29 39 30 37
16 37 16 38
46 41 47 43
13 34 13 41
35 37 34 45
53 38 53 39
37 39 37 42
15 40 15 41
17 40 17 41
24 41 24 36
26 40 26 39
38 40 38 41
46 65 35 67
1 44 1 31
32 41 34 36
41 41 40 41
48 41 48 42
35 40 36 44
50 42 50 43
9 43 9 44
13 46 10 46
23 45 22 47
46 68 38 65
43 43 44 43
52 44 52 41
4 44 4 45
7 44 7 45
2 46 1 46
12 45 16 50
18 45 18 46
21 45 21 46
29 46 31 39
36 46 33 46
47 45 47 46
27 46 27 47
32 48 31 44
40 44 38 55
43 46 43 41
49 47 49 44
3 66 3 63
5 47 6 47
41 47 41 50
51 54 51 45
6 51 5 43
27 50 28 52
42 48 42 49
11 53 12 49
29 49 28 13
13 52 13 51
53 50 53 51
15 57 16 55
45 51 46 49
21 40 21 51
25 53 25 60
34 55 33 49
45 54 46 54
1 57 1 52
14 54 14 55
21 54 21 55
23 54 19 59
29 54 29 55
3 58 3 51
40 55 40 56
46 58 48 49
4 56 4 57
10 64 10 63
13 56 9 57
36 56 36 57
50 56 50 57
17 58 18 56
39 57 39 60
43 58 43 51
15 67 18 51
24 50 26 43
33 58 34 58
37 58 37 59
49 58 50 60
52 58 52 59
8 59 8 60
30 59 30 60
40 59 41 59
6 60 7 62
21 65 21 58
36 60 36 61
48 60 47 62
14 61 16 66
26 63 25 67
29 61 29 62
31 61 31 50
41 62 41 61
44 61 44 64
49 64 48 68
7 67 8 65
27 66 27 61
53 56 51 61
15 64 15 65
18 65 18 62
28 68 29 66
34 64 34 65
42 64 42 65
49 66 50 62
13 65 13 66
4 64 1 62
21 67 23 66
10 67 11 65
19 67 19 68
39 67 40 65
43 67 44 67
30 68 30 53
52 68 53 66
53 58
181
3 1 3 2
8 4 3 4
8 2 6 1
16 1 19 1
21 3 26 3
28 2 29 2
37 1 30 1
44 1 46 2
51 1 49 4
21 5 23 12
48 6 48 3
37 3 34 9
1 4 1 3
6 19 7 17
30 4 30 5
41 3 39 12
15 5 15 10
17 5 17 6
26 7 25 5
24 10 28 7
35 8 34 6
4 9 4 6
9 8 9 9
38 10 37 6
39 9 38 5
44 8 44 9
51 10 50 8
6 9 8 6
10 2 10 5
18 9 18 10
30 8 23 18
33 12 33 13
28 10 27 12
31 10 31 11
37 12 37 11
46 26 47 8
3 11 1 18
7 11 7 12
10 11 10 12
20 11 20 12
25 11 26 11
35 11 35 12
48 11 48 12
25 18 31 15
17 13 10 45
53 36 51 21
5 17 5 12
9 25 13 14
16 14 17 22
30 26 31 32
34 14 34 15
44 14 39 2
9 29 9 30
40 58 26 57
48 15 48 16
51 15 51 16
3 15 3 18
23 16 21 37
19 17 19 18
42 18 42 15
15 18 15 19
10 24 10 17
29 15 29 22
53 30 52 6
30 20 30 21
34 21 36 24
30 24 37 18
44 22 43 24
50 25 51 19
25 21 24 23
38 22 38 19
36 26 40 15
1 23 1 20
15 23 15 24
26 20 24 33
26 24 27 28
49 14 45 29
2 25 2 26
9 58 7 39
13 26 14 16
41 26 43 11
41 30 41 33
40 27 37 29
13 31 12 27
33 23 33 32
36 30 41 24
49 18 46 40
18 36 21 22
24 28 24 29
48 34 48 27
6 29 6 32
18 28 16 31
19 27 23 14
44 28 42 37
48 29 50 28
11 30 11 31
18 30 18 33
39 30 38 36
35 31 35 32
15 32 15 33
26 32 26 35
37 32 37 33
17 41 14 43
25 37 26 49
45 31 43 36
5 34 5 35
21 33 19 38
29 34 29 35
36 35 37 39
44 34 44 35
50 31 48 36
12 35 13 33
16 35 16 36
33 35 33 36
9 34 10 38
34 26 30 41
40 37 39 39
3 38 4 28
16 39 16 40
21 39 21 48
34 38 34 41
20 40 20 41
3 21 2 49
4 43 5 43
23 42 23 47
41 40 41 43
32 42 30 55
47 42 47 39
18 43 19 45
31 43 31 44
35 43 39 34
1 44 1 45
8 44 8 45
15 55 18 39
44 44 44 45
48 44 48 45
50 53 50 42
35 45 35 46
42 45 42 46
45 50 46 48
6 47 6 44
15 49 16 45
9 47 11 48
12 47 13 47
16 47 16 48
43 47 43 50
53 45 53 40
15 57 9 50
23 50 23 51
39 48 39 49
48 50 47 52
49 48 49 49
28 50 27 40
35 49 35 50
17 44 16 54
32 51 33 47
2 53 1 55
16 52 17 50
37 51 41 56
53 52 53 49
9 52 9 53
12 52 12 53
31 52 32 54
5 54 5 51
18 52 19 54
26 53 26 54
35 53 37 48
40 53 40 54
49 58 48 56
10 54 6 37
23 54 20 52
4 50 4 57
19 56 11 55
32 56 30 57
37 56 36 56
43 52 46 56
51 55 51 56
2 56 1 58
22 57 23 57
20 57 20 58
53 58 53 57
