10
41 34
82
1 1 1 4
7 12 9 25
6 2 8 1
25 24 19 3
28 1 29 1
39 1 37 6
8 3 6 4
10 1 11 1
13 2 18 2
26 4 27 2
17 5 15 14
29 3 27 6
2 6 2 17
14 8 21 4
8 5 8 6
30 6 31 4
38 11 40 8
8 17 14 12
22 11 23 7
28 7 28 4
37 12 36 10
41 6 41 7
1 8 1 9
4 8 5 10
8 8 8 9
10 9 11 7
34 9 34 12
12 13 13 19
18 14 16 7
33 10 33 11
2 11 2 12
27 11 27 12
31 11 32 7
4 21 7 21
24 8 21 6
34 6 26 9
37 14 34 14
26 14 27 14
3 15 3 16
29 15 30 15
40 34 38 17
41 15 41 20
10 17 11 11
16 16 16 17
20 15 17 19
38 34 23 26
32 16 32 17
14 18 14 15
27 17 27 28
29 18 30 20
1 14 1 21
4 18 3 20
6 18 6 19
33 18 33 21
11 21 11 18
35 19 35 22
40 19 41 23
23 23 23 18
31 14 28 20
39 30 38 28
3 32 8 30
19 25 21 20
29 32 28 30
31 23 31 24
6 24 6 31
10 27 14 26
36 25 40 12
1 34 1 29
25 29 26 29
34 30 34 23
39 25 40 25
2 26 2 27
32 26 32 33
16 27 16 28
17 21 21 24
21 27 21 30
19 28 15 23
36 30 36 31
20 33 14 30
15 33 18 29
23 32 23 33
26 32 26 33
32 43
87
6 3 1 7
8 1 8 2
13 2 13 3
17 1 16 3
20 1 25 1
1 2 1 1
19 4 18 6
29 2 28 10
30 4 30 5
2 4 2 5
3 23 1 24
5 4 5 5
28 5 24 4
10 5 10 6
10 2 11 8
30 7 30 8
5 8 5 11
25 10 25 7
10 9 10 10
13 10 13 11
14 13 16 6
3 11 3 14
11 11 11 12
21 7 21 4
27 11 27 12
32 9 32 36
1 12 1 13
21 12 21 13
28 8 21 22
23 13 23 14
25 13 25 14
30 13 30 18
2 15 2 16
22 19 23 17
13 16 16 8
19 16 17 15
6 20 6 13
16 18 14 19
20 20 22 9
1 18 1 21
4 18 4 21
10 19 10 16
15 25 15 24
17 19 17 20
29 19 30 21
26 33 22 42
28 22 26 23
5 22 5 23
15 38 20 36
17 23 17 24
19 23 20 23
30 24 31 12
27 30 27 31
4 24 2 27
11 26 10 30
7 5 6 25
17 27 17 28
11 29 9 40
14 26 15 30
20 26 20 25
28 29 28 26
30 30 30 27
20 43 7 41
3 29 2 35
7 29 7 10
24 29 24 30
14 32 13 32
1 32 1 33
11 32 11 35
19 34 19 31
8 31 6 32
32 38 30 43
28 37 28 32
6 35 7 37
26 36 24 35
29 31 29 38
14 39 15 35
24 33 25 37
2 37 2 38
5 37 4 39
19 37 19 38
21 38 21 37
24 39 22 40
1 40 1 41
24 41 25 43
28 42 27 38
31 40 27 17
34 38
77
2 1 6 2
8 2 9 2
14 2 18 1
21 4 22 2
25 6 24 16
34 2 34 5
7 4 4 8
32 2 32 1
11 9 9 6
32 9 33 7
9 13 8 17
27 5 26 1
27 8 27 11
30 4 30 5
1 5 2 5
3 7 1 8
8 11 7 11
22 12 22 13
13 7 13 10
31 8 30 8
2 9 2 10
19 4 23 5
29 14 28 18
17 12 17 9
15 6 16 14
3 12 2 14
13 13 13 14
20 13 22 18
31 14 31 11
1 19 2 21
19 12 14 24
26 15 26 18
19 16 19 17
29 16 29 17
17 17 17 18
3 18 3 19
6 15 9 15
20 19 20 20
12 21 12 16
14 26 16 19
18 20 18 23
3 22 5 17
17 21 17 22
33 18 27 25
33 21 33 22
5 22 5 23
9 22 9 27
20 25 23 19
25 22 25 23
27 22 27 23
33 24 33 29
7 35 1 22
12 24 12 25
22 24 22 25
30 24 29 22
7 25 7 26
18 26 18 27
20 31 27 37
4 26 1 36
4 28 4 29
12 30 12 27
32 33 32 16
18 30 19 38
1 26 1 33
6 28 4 33
11 35 10 37
13 31 13 32
32 31 32 30
21 35 26 33
29 33 29 30
18 33 18 34
14 38 17 32
23 36 23 31
4 36 3 38
15 37 15 28
31 36 31 37
6 37 5 35
50 47
141
6 6 4 1
18 1 9 1
21 1 22 1
27 2 28 2
30 3 31 1
35 2 37 1
39 3 33 2
44 1 44 2
46 1 46 2
19 4 16 4
17 6 29 25
7 5 15 6
10 8 13 4
44 5 45 9
29 4 39 5
46 6 48 3
4 8 4 5
12 7 13 11
31 9 34 17
1 5 2 9
7 9 7 10
14 7 14 8
24 1 27 9
37 7 36 15
40 8 42 9
43 7 43 8
13 41 10 43
21 7 22 43
36 8 36 9
49 10 50 10
3 10 2 4
15 10 16 10
33 10 33 11
5 12 5 7
20 11 20 12
23 12 24 10
27 11 28 11
4 24 6 45
29 12 29 13
40 11 40 14
50 2 47 8
2 13 1 11
13 14 13 15
37 14 37 11
4 14 4 15
41 19 42 11
16 25 15 15
20 15 21 33
49 15 49 16
10 16 9 14
12 16 12 17
21 16 21 19
24 17 24 14
45 16 44 12
9 19 10 21
15 18 16 16
28 17 28 18
32 18 32 15
40 17 40 18
17 18 18 18
28 47 25 15
38 18 38 19
27 19 28 15
50 13 48 42
1 20 2 16
13 20 11 23
17 23 14 27
36 22 33 24
42 20 42 21
5 23 6 13
8 21 7 23
47 21 47 22
30 26 28 29
39 21 40 21
24 23 25 23
40 23 40 24
9 24 8 26
36 24 36 25
5 25 5 26
25 26 26 24
3 26 3 27
12 26 12 27
5 28 5 29
20 27 16 32
26 30 26 33
36 27 38 6
43 23 43 30
7 28 7 29
13 28 13 29
17 28 17 29
11 30 10 26
21 29 21 30
31 29 30 31
1 28 2 24
6 31 5 33
38 31 34 44
4 31 4 32
24 31 24 36
32 32 32 33
42 28 41 40
46 32 46 33
3 37 2 41
11 34 9 31
13 32 15 31
18 31 19 31
3 34 3 35
9 34 9 35
13 34 13 35
13 38 17 47
26 45 26 46
27 31 27 36
32 35 34 34
39 35 39 32
43 36 44 32
29 35 31 36
14 44 15 42
37 37 37 38
10 37 8 36
44 47 45 47
32 43 33 37
47 37 42 31
49 39 49 8
8 44 8 41
10 40 11 42
14 39 14 40
31 39 31 44
1 40 1 43
29 41 27 40
5 35 6 43
20 41 20 42
36 42 32 21
46 41 45 39
4 43 4 46
19 43 23 46
24 44 24 39
35 43 34 29
40 43 41 45
21 45 22 45
27 44 29 45
46 43 44 38
1 45 1 46
36 41
93
3 1 4 1
7 5 14 1
12 1 9 1
22 3 17 1
21 1 22 1
23 2 25 1
28 11 32 12
34 14 34 25
1 2 1 1
33 3 32 1
4 3 6 2
13 4 7 7
15 3 17 6
29 4 29 1
3 6 1 9
5 11 10 5
23 9 22 7
28 9 25 15
27 4 27 5
32 4 32 5
14 5 15 7
23 5 29 8
33 6 33 7
35 6 35 7
31 7 31 8
6 8 6 9
12 8 12 9
8 9 8 12
21 13 19 20
19 9 19 12
29 14 29 15
3 13 2 11
24 13 23 17
35 10 35 11
36 13 35 21
1 15 1 20
18 15 18 8
13 16 13 17
19 17 19 18
21 17 20 27
24 16 26 17
30 16 30 17
35 16 35 17
2 17 3 21
28 17 28 20
8 16 7 30
14 18 14 19
24 21 26 28
4 22 3 16
11 16 15 29
16 19 16 20
10 20 10 23
22 20 22 21
1 25 2 31
15 21 16 25
27 21 27 24
31 21 31 28
4 26 6 17
8 29 9 17
21 38 24 24
29 22 29 23
7 23 7 24
12 23 12 24
30 34 36 19
3 24 2 28
10 9 15 41
18 24 19 40
28 25 30 32
13 27 13 28
2 40 5 28
34 31 35 31
4 29 4 30
33 30 32 16
5 32 7 35
15 35 11 28
19 30 19 31
9 31 8 33
11 31 11 32
24 35 24 28
21 33 21 24
32 35 35 37
5 34 5 39
16 38 15 26
3 37 1 36
26 39 28 34
10 39 10 36
19 38 26 30
28 38 28 39
31 39 31 36
4 40 4 41
6 41 7 41
17 40 17 41
29 41 30 41
49 44
125
8 1 4 4
10 2 11 4
13 2 17 5
20 6 22 7
26 3 27 1
30 2 31 2
37 1 35 2
40 1 41 1
42 2 42 3
15 4 17 7
21 2 21 5
23 3 24 1
28 5 33 3
38 10 38 13
10 5 10 6
24 6 24 11
31 5 31 6
34 16 32 1
35 5 37 4
42 5 49 1
46 5 46 6
3 5 2 11
1 23 10 11
27 7 26 5
1 12 3 1
9 16 11 9
31 12 32 8
5 8 6 8
15 8 15 9
24 14 22 9
35 8 35 9
42 8 43 8
46 8 47 8
49 17 48 9
19 16 14 22
14 11 15 15
30 10 30 11
39 43 42 17
4 12 5 6
6 32 12 43
19 11 18 17
32 24 33 36
33 12 33 13
13 15 13 4
26 9 25 7
36 13 36 14
42 13 42 14
2 14 2 15
8 15 7 9
44 15 44 12
6 16 6 13
41 15 41 16
48 16 47 12
10 21 10 18
10 26 10 25
16 17 16 18
27 27 23 26
27 22 27 25
7 17 7 22
37 20 40 10
47 18 46 16
3 19 3 28
25 18 25 19
1 19 1 20
17 22 15 19
29 26 29 13
38 19 39 17
32 21 32 16
44 20 44 21
19 19 18 27
35 23 36 17
48 20 48 21
9 22 9 23
18 36 16 43
38 22 39 24
5 25 5 20
18 23 18 24
21 20 21 25
42 28 42 19
3 44 2 44
24 24 24 25
16 27 16 24
34 28 34 25
32 27 31 33
48 44 49 44
45 29 45 30
47 29 47 30
17 31 16 37
30 30 30 31
39 30 40 26
43 30 43 31
1 31 1 32
5 28 5 37
8 26 8 27
22 15 20 34
37 32 37 29
9 33 9 30
25 35 27 32
48 32 48 33
34 33 41 9
2 34 2 35
8 41 8 34
32 34 32 39
9 37 9 36
28 35 30 44
35 35 35 38
46 25 47 35
3 36 3 41
19 37 17 40
18 44 20 39
34 40 35 42
8 38 7 40
29 39 29 36
37 37 37 42
39 32 39 33
44 40 48 41
47 39 47 40
5 40 5 41
11 40 11 41
13 23 12 39
1 41 1 42
25 41 25 44
29 42 29 43
32 42 30 41
42 43 43 43
40 32
84
4 3 5 1
9 1 15 2
16 1 19 1
20 2 22 1
24 2 21 4
26 1 26 2
31 2 33 1
37 5 40 11
13 32 18 32
25 3 28 1
32 5 32 6
35 2 38 6
37 3 38 1
1 4 1 1
9 3 10 5
17 5 15 6
7 4 7 5
5 5 5 6
22 6 20 5
29 6 29 3
2 1 2 8
17 7 22 3
25 13 28 15
13 8 12 8
24 7 24 8
35 7 35 8
16 8 16 9
17 11 19 8
21 8 21 7
30 11 32 16
33 8 34 6
14 10 11 18
18 10 19 10
8 10 8 9
33 10 32 10
32 31 40 32
1 11 3 12
9 7 8 21
12 11 12 12
18 13 19 21
2 16 1 30
5 13 5 8
29 12 29 13
12 20 13 14
22 32 23 12
6 15 7 15
15 13 16 17
21 15 20 11
14 23 13 29
27 16 27 17
18 18 18 15
23 17 23 18
9 18 9 19
32 18 31 20
6 19 6 24
22 21 20 18
26 21 28 10
29 20 29 21
35 18 34 30
3 21 3 26
24 22 24 19
31 22 31 23
37 21 37 22
4 18 7 32
18 25 18 20
33 22 33 23
40 13 40 30
3 32 4 30
9 24 9 27
29 24 29 25
32 24 31 26
12 24 12 27
26 25 27 25
1 26 1 27
16 27 17 27
19 27 19 26
30 27 30 28
37 28 36 12
35 26 38 14
6 29 6 30
20 31 20 32
29 30 25 29
30 31 30 32
35 31 35 32
35 44
103
1 1 7 4
11 3 9 2
13 1 21 2
24 1 24 2
24 5 27 1
31 5 34 11
3 2 2 2
31 2 31 3
29 3 29 4
17 4 18 4
20 3 20 6
34 5 34 2
2 6 4 5
24 7 26 12
13 7 12 5
3 8 1 17
4 7 5 7
28 7 27 5
35 1 35 18
23 25 15 4
19 8 19 9
22 9 23 13
26 8 26 9
34 9 33 7
1 10 1 7
11 43 10 37
32 9 31 11
14 11 14 8
18 11 19 11
23 10 24 10
4 12 7 6
6 11 11 7
13 13 14 13
22 12 22 5
34 16 34 13
11 14 11 9
30 14 30 9
3 14 2 12
14 16 14 15
30 16 32 17
16 17 19 13
17 15 17 16
21 33 25 36
20 15 19 17
24 15 25 11
5 44 11 17
27 14 28 12
13 17 13 18
4 16 3 18
18 18 18 19
2 19 6 14
22 19 22 20
25 21 25 18
8 20 8 19
15 20 13 21
27 41 26 31
3 21 4 21
6 16 6 23
20 21 20 20
23 21 23 22
31 22 32 20
5 27 2 31
3 26 3 25
10 24 10 25
14 31 12 24
17 26 16 24
26 28 26 23
28 36 28 21
19 27 20 25
30 41 32 24
30 25 35 33
14 28 15 22
18 28 17 32
8 29 8 30
17 29 17 30
20 29 20 30
32 29 33 29
12 31 11 29
4 31 4 28
23 32 23 27
5 33 5 34
15 34 11 39
35 38 34 30
3 34 2 34
9 35 9 32
19 43 21 44
23 34 23 37
22 35 22 36
2 37 2 38
13 36 13 37
34 41 35 41
4 37 4 38
29 39 26 39
29 37 30 33
16 41 16 36
20 42 20 39
2 42 6 29
7 35 6 41
9 42 17 43
13 40 14 38
24 44 25 42
33 44 34 44
27 44 28 42
46 40
118
4 2 6 1
16 29 5 27
17 2 19 5
26 3 28 6
31 17 40 15
40 1 40 2
41 3 42 3
46 7 46 2
20 1 24 2
23 5 23 4
1 3 1 4
3 7 5 14
5 3 5 4
25 5 26 11
28 3 31 1
10 3 9 29
22 11 22 6
30 4 30 5
33 4 33 5
36 2 36 7
37 17 40 21
43 11 46 9
45 4 45 5
8 5 8 8
35 6 35 3
40 6 39 4
18 7 18 4
5 7 5 8
10 6 11 16
11 7 11 14
13 2 13 3
20 7 20 8
16 8 16 13
25 8 25 9
10 9 10 10
20 12 21 10
45 11 45 16
3 10 2 12
14 10 14 11
31 10 30 12
33 11 34 1
41 12 42 8
38 12 38 9
9 12 9 13
31 15 30 19
44 12 44 13
46 13 46 14
20 15 19 9
33 15 34 15
34 13 25 37
38 15 37 15
41 17 42 13
44 15 42 18
4 15 4 16
8 11 7 19
26 15 26 14
6 16 6 17
25 21 27 26
10 18 8 27
13 16 13 17
18 18 18 15
23 17 23 22
27 17 27 20
3 18 1 9
43 21 41 20
45 19 45 20
22 24 20 21
30 21 29 25
36 25 44 22
1 26 1 23
3 24 4 20
19 22 21 19
35 22 37 19
10 23 11 19
42 24 43 24
10 30 16 35
17 24 17 27
22 26 18 33
39 24 39 25
10 27 11 25
28 28 31 24
34 26 35 26
21 27 24 11
38 29 38 26
11 28 11 29
24 38 24 39
36 34 32 37
43 30 40 32
3 28 3 31
10 35 6 34
23 30 22 32
45 31 44 31
44 39 44 28
20 31 20 32
25 31 25 32
27 31 27 34
30 31 30 32
7 33 7 30
45 34 38 34
24 36 26 29
29 33 30 35
32 34 35 18
3 34 2 32
14 33 27 37
20 37 20 38
22 34 22 37
42 33 40 36
35 36 36 36
42 35 42 36
3 37 4 33
37 38 29 37
15 38 16 16
1 39 1 40
13 39 13 40
32 40 30 39
36 40 34 39
40 39 40 40
10 40 8 37
48 35
104
1 1 1 4
11 1 5 10
13 7 13 2
16 4 17 10
18 1 18 2
23 1 21 4
31 1 29 2
35 6 32 2
37 1 38 1
42 4 45 2
5 3 6 1
22 2 22 3
34 5 34 8
39 3 40 11
43 3 43 8
7 4 8 2
12 3 12 4
18 4 20 1
20 6 18 7
26 1 27 1
2 9 1 17
32 5 32 6
5 5 5 8
10 6 11 6
15 7 13 10
24 8 25 8
27 8 27 9
39 8 38 10
10 9 10 10
35 9 35 10
47 9 47 10
2 11 2 12
15 11 12 13
16 27 16 32
19 14 18 16
33 12 33 7
28 13 28 10
36 12 39 12
45 35 42 33
44 12 44 13
1 25 4 9
24 12 25 14
48 11 46 12
3 14 3 17
8 10 4 25
11 21 11 18
15 14 15 17
40 14 40 15
6 12 5 20
33 21 36 15
43 17 44 25
23 16 23 17
33 16 33 17
20 18 20 15
28 23 28 16
21 21 22 9
26 13 29 35
28 18 28 19
20 35 19 35
25 19 25 20
42 19 41 17
45 19 46 5
12 20 13 20
40 21 40 18
7 21 7 22
23 23 23 22
29 22 29 15
37 27 36 21
39 16 38 28
2 23 2 24
15 21 15 20
19 25 19 22
31 23 30 27
33 23 36 35
46 24 45 24
22 24 23 30
21 31 25 26
29 25 29 26
3 26 2 28
5 29 5 30
44 31 46 26
7 28 7 25
10 27 10 28
21 29 24 27
34 34 34 33
44 33 45 27
13 30 10 14
15 25 16 35
28 28 28 31
29 29 29 30
39 33 37 30
1 30 1 31
7 15 10 33
18 30 18 31
31 31 34 31
42 22 42 21
7 31 8 31
31 12 31 33
9 5 3 30
4 33 5 33
13 33 7 34
22 33 22 34
3 34 3 35
36 33 32 34
