8
24 27
47
1 1 1 2
2 1 4 2
11 1 11 2
20 1 21 1
24 1 22 2
1 10 1 5
10 10 10 17
22 6 14 3
19 8 23 23
9 2 6 2
11 5 11 6
15 5 15 6
6 7 1 13
3 8 3 9
7 9 7 10
11 12 23 5
18 9 18 10
18 13 17 15
7 21 7 12
10 27 16 10
11 14 12 8
21 11 22 11
8 8 7 16
4 11 6 22
17 8 15 11
1 15 8 5
8 15 9 15
19 14 19 15
14 14 12 17
22 27 15 27
20 16 23 8
9 18 8 18
24 27 21 21
3 23 4 27
4 18 4 19
16 18 16 17
23 21 23 16
2 19 3 21
18 19 18 20
21 19 22 15
11 22 14 18
12 25 14 22
17 26 19 25
8 23 8 24
14 25 13 23
10 24 9 22
7 26 5 25
20 29
38
8 6 6 3
10 1 15 1
13 1 13 2
17 1 20 1
2 1 1 1
5 6 3 9
18 5 18 6
3 6 3 7
13 7 14 9
10 8 11 8
20 12 20 7
20 22 13 20
1 11 1 12
5 10 3 19
5 12 5 13
11 19 10 13
16 12 16 13
1 15 1 16
16 10 18 27
4 14 6 9
8 10 7 28
12 15 12 16
5 17 6 15
9 17 9 18
14 17 12 6
7 18 6 20
1 20 2 18
9 20 10 20
6 22 7 22
9 22 9 25
15 22 16 22
4 20 3 22
15 27 13 24
7 24 7 25
17 24 17 17
1 26 1 29
6 26 6 27
12 28 13 26
24 28
45
8 1 7 3
14 1 15 1
18 1 19 1
23 1 24 1
1 2 1 1
9 4 12 2
14 4 16 3
22 2 20 5
21 25 24 19
7 5 5 6
23 4 23 5
8 6 7 14
12 6 12 7
22 6 22 9
14 7 16 6
21 22 18 6
5 9 7 8
20 9 20 12
22 13 23 17
5 11 5 12
1 12 1 13
12 12 13 14
18 15 16 12
11 14 12 10
2 15 3 17
8 15 7 19
16 15 16 16
20 16 21 18
1 17 4 21
4 25 14 28
17 17 17 18
2 18 2 9
9 12 9 21
15 20 15 21
21 28 24 28
2 22 4 23
11 23 15 18
23 23 17 28
10 24 10 25
13 23 11 26
13 25 15 24
17 26 17 21
3 26 3 27
7 26 8 24
1 28 1 25
26 23
49
7 2 2 4
12 1 11 3
13 3 13 18
23 2 20 2
25 1 26 1
3 3 5 6
5 3 5 4
7 5 9 2
9 10 9 19
26 4 26 5
16 4 16 5
22 4 22 5
9 6 9 7
19 7 19 4
26 7 26 10
21 7 21 6
1 11 4 7
5 12 5 11
22 8 22 11
7 9 7 10
21 9 21 10
24 9 23 7
13 10 13 11
16 10 17 2
11 7 11 14
14 12 14 9
10 12 10 13
24 14 22 23
3 13 2 13
7 14 8 12
16 7 16 18
20 13 20 14
15 14 16 14
26 14 26 15
12 23 7 23
10 18 9 22
19 11 17 12
4 16 6 13
14 16 14 17
7 17 7 20
21 19 21 16
24 22 26 21
1 18 1 19
16 22 20 17
14 20 20 23
19 21 20 21
6 22 3 18
10 21 11 19
23 20 23 21
21 26
31
1 1 2 1
2 17 2 16
5 1 6 1
16 2 12 3
10 2 7 6
18 2 18 11
17 3 17 4
9 6 11 5
2 5 3 7
13 5 16 7
2 8 2 9
6 8 6 13
17 12 15 15
10 8 9 8
21 5 20 7
9 11 10 17
11 16 10 14
15 11 14 13
4 13 4 14
18 20 21 26
7 17 9 16
19 15 19 16
14 16 14 17
21 14 20 20
9 18 7 23
12 18 1 20
14 20 14 21
3 24 4 26
4 23 5 23
12 25 14 26
1 25 1 26
28 20
39
1 1 4 3
5 6 7 1
12 1 12 2
16 7 10 6
15 1 17 2
23 1 24 3
25 2 26 4
2 2 1 2
12 4 10 1
28 1 28 6
14 3 14 4
19 3 19 4
1 12 2 6
6 5 8 6
16 12 19 10
20 5 19 7
23 18 24 12
16 9 11 7
14 7 13 9
11 11 10 9
25 8 25 9
7 8 7 11
27 11 27 12
12 20 14 17
3 13 10 13
5 13 5 14
12 14 13 12
14 13 12 18
18 11 17 13
26 13 24 20
25 14 25 19
28 18 27 8
10 16 10 17
22 16 22 17
7 17 8 17
16 15 16 16
15 20 26 6
1 16 6 18
6 20 8 19
30 30
64
1 1 1 2
7 2 9 1
14 1 10 4
18 1 17 1
22 5 21 1
14 25 12 30
22 3 27 1
25 3 26 3
29 2 29 7
1 6 2 4
3 3 6 3
16 3 16 2
26 6 24 7
8 4 11 12
19 8 18 6
3 22 4 24
22 11 22 22
30 26 29 10
3 8 3 9
5 4 5 11
8 8 7 10
10 8 11 10
12 8 12 9
14 10 14 7
20 18 17 18
1 9 1 10
10 6 9 12
28 9 27 7
21 9 21 16
8 13 7 13
13 11 13 12
19 11 19 14
21 12 21 13
30 12 30 15
2 14 3 14
23 15 23 18
28 16 26 11
7 16 7 17
15 14 12 16
2 18 4 15
10 21 12 14
16 28 19 26
28 18 28 21
8 19 8 24
13 19 15 18
21 19 20 21
26 20 25 18
17 26 18 20
7 23 5 20
12 23 12 18
27 22 27 23
24 14 26 25
18 25 18 22
28 24 28 25
5 27 7 30
7 26 8 26
13 26 13 27
29 29 24 29
26 28 23 24
21 28 20 24
1 29 1 30
3 25 5 30
20 29 20 30
15 30 16 30
20 24
29
1 3 1 6
5 5 3 8
7 2 10 6
11 1 9 4
14 2 14 3
15 5 18 23
12 8 11 8
4 7 4 2
2 11 1 13
6 7 6 6
18 8 18 3
14 9 13 11
16 11 15 17
4 13 4 10
14 13 14 20
4 15 5 11
10 15 10 16
16 15 16 16
6 17 7 15
4 18 4 19
9 12 6 24
19 1 19 22
16 22 17 18
1 17 1 24
9 21 9 22
18 17 20 24
7 23 3 24
12 22 12 23
10 24 11 18
