6
18 28
29
2 1 1 1
9 1 4 1
12 1 9 5
1 6 7 5
18 5 16 10
1 3 1 4
12 3 14 8
3 26 14 16
18 14 18 17
10 9 10 10
14 10 14 11
5 14 5 9
7 13 1 10
16 12 16 13
2 21 2 12
11 14 11 15
1 28 1 13
14 13 7 27
6 16 6 17
8 16 9 18
16 18 13 14
7 20 7 21
12 21 13 21
18 19 18 24
6 22 10 7
16 23 16 24
11 26 13 23
12 28 13 26
14 27 14 28
16 19
20
3 2 1 9
5 1 6 1
10 6 12 5
10 2 8 5
16 16 16 13
1 5 1 6
4 5 4 6
12 7 11 9
15 8 16 10
3 10 1 11
4 11 3 7
6 9 6 6
10 8 13 12
5 13 4 15
8 11 8 14
1 19 2 13
5 17 2 17
12 17 12 14
14 16 14 17
8 18 10 17
22 27
32
1 6 5 3
4 1 7 1
10 1 7 3
14 3 12 2
19 1 22 1
18 10 19 12
20 10 21 4
5 7 4 7
11 4 9 25
11 27 14 11
14 9 16 2
11 11 11 12
15 12 15 13
3 20 3 11
1 15 1 12
20 14 21 14
20 18 21 16
5 25 1 22
5 17 5 20
11 20 12 16
12 25 14 16
16 17 18 16
12 18 12 19
21 19 19 24
16 24 16 19
10 22 10 23
8 27 2 24
8 17 7 23
19 27 21 26
3 25 3 26
1 26 1 27
17 20 16 26
16 13
15
3 1 4 1
6 1 6 2
9 3 6 11
5 4 4 6
16 6 16 11
6 5 6 6
10 2 15 2
1 2 1 1
11 6 9 11
3 13 2 11
6 8 6 9
1 8 1 9
8 8 8 9
12 10 13 10
5 13 5 10
29 12
27
1 1 1 2
7 2 9 7
15 1 16 1
19 2 19 9
10 1 16 4
22 1 22 4
27 1 27 2
8 3 8 4
10 9 13 5
29 3 28 5
20 4 20 5
28 10 25 2
1 6 2 6
4 2 8 9
6 11 16 12
22 6 17 6
29 6 29 7
3 8 2 10
5 7 6 7
21 7 21 10
16 8 16 9
23 8 23 7
25 8 24 6
14 11 12 8
1 12 1 9
4 12 6 9
23 10 26 6
28 14
28
2 1 1 3
6 2 5 2
8 1 8 2
21 1 20 1
4 12 3 12
23 2 23 3
14 5 12 2
17 6 13 1
6 4 6 7
19 10 18 14
21 6 25 3
27 13 20 7
5 5 4 9
10 13 7 9
4 6 4 7
9 6 9 7
14 8 13 4
25 14 27 9
1 8 1 9
1 6 1 11
11 9 9 4
15 10 13 13
20 9 21 13
9 10 9 11
17 11 17 12
23 12 22 12
8 12 8 13
3 14 11 11
