6
82 86
451
8 2 9 2
15 12 10 4
12 2 12 3
14 8 18 9
17 1 17 2
19 4 20 2
21 1 22 1
31 2 29 1
32 1 35 5
38 14 39 16
39 3 38 3
46 2 48 5
49 3 48 1
63 1 64 1
68 1 69 1
75 2 80 2
81 1 82 1
1 2 1 1
58 3 57 1
64 13 59 5
5 3 5 4
7 4 8 12
14 4 14 1
41 4 40 4
42 8 44 1
51 3 51 4
52 10 60 15
65 6 66 8
75 7 76 9
17 4 17 5
34 4 35 8
63 4 63 5
70 4 70 5
20 5 20 6
68 5 68 6
72 2 74 3
3 6 4 8
15 5 13 10
30 7 30 4
32 6 28 7
39 8 41 11
46 9 46 8
50 6 50 5
55 2 53 1
55 7 55 4
61 5 62 13
71 6 71 11
4 1 1 5
26 10 25 12
69 8 66 2
72 7 72 8
11 8 11 9
23 9 22 7
61 8 61 9
7 13 10 11
36 14 34 13
45 35 56 5
65 29 68 11
75 13 77 24
77 10 77 5
21 10 21 11
36 10 36 11
43 12 40 14
44 10 44 11
44 5 46 14
49 10 49 11
64 10 64 7
4 13 3 11
33 9 33 8
46 26 44 17
58 19 57 13
59 11 59 12
78 23 79 7
80 11 80 14
6 14 4 15
29 22 30 12
49 19 50 9
73 13 73 10
13 15 13 22
50 13 50 16
1 17 2 17
19 15 19 12
25 15 26 13
58 14 58 15
16 15 17 13
42 15 45 39
67 15 67 12
72 17 72 20
5 18 6 16
14 16 14 17
21 16 20 20
7 17 8 17
20 17 20 18
22 15 23 5
28 17 28 18
33 18 35 15
28 21 37 15
55 45 49 34
67 20 66 16
76 17 76 18
30 19 30 16
60 18 60 23
74 16 74 23
79 18 78 12
2 30 1 20
8 19 8 20
81 19 82 17
13 27 13 20
31 24 32 22
46 18 43 18
47 20 47 21
5 21 6 19
37 19 34 33
37 42 36 22
54 21 62 16
76 21 76 22
23 22 22 24
34 23 35 19
38 24 39 18
51 22 51 23
82 23 80 22
9 23 9 24
13 47 16 23
82 31 82 32
5 24 5 25
14 26 12 23
68 25 69 21
3 26 3 23
11 25 10 27
53 25 52 21
61 25 62 31
67 27 66 19
75 24 75 27
7 26 7 43
25 26 26 28
29 26 29 27
29 31 29 32
51 26 48 42
51 62 53 73
74 37 76 46
80 26 80 29
8 27 5 31
45 30 44 24
53 27 53 32
71 14 71 21
12 28 12 31
14 29 16 38
18 18 16 29
43 28 44 28
52 15 45 51
61 17 60 27
78 28 78 29
42 29 42 30
48 29 48 30
69 29 69 30
71 31 70 33
75 30 73 33
23 30 23 31
37 40 34 26
40 31 39 29
73 30 73 31
15 31 15 32
33 31 35 32
44 31 44 32
50 31 50 32
3 38 9 31
17 33 18 33
42 32 42 35
57 30 58 34
66 32 66 33
78 32 78 37
1 27 3 44
7 34 8 38
13 33 13 40
19 40 19 21
31 36 29 37
47 33 47 34
63 32 64 24
3 35 3 32
6 36 7 28
27 34 27 35
37 35 38 37
51 34 51 35
64 26 64 41
75 34 75 35
80 32 81 38
33 47 35 42
68 86 59 64
68 34 66 49
69 35 68 37
10 36 10 37
14 36 14 39
17 37 18 35
17 40 17 31
22 36 24 29
46 36 46 37
54 37 54 34
59 37 60 35
63 36 63 37
71 36 71 37
76 36 76 37
24 37 21 41
26 41 27 31
55 40 55 33
71 34 70 38
12 38 12 39
31 39 33 40
35 38 35 39
41 41 42 37
56 38 56 39
61 34 61 49
61 38 60 42
60 39 60 40
62 39 62 40
77 39 77 40
81 33 80 39
10 40 9 42
29 40 29 41
31 42 31 43
53 43 52 37
70 41 69 39
73 41 74 41
9 49 10 47
16 43 15 45
18 48 18 59
49 41 50 41
57 41 57 42
43 42 40 42
74 43 75 45
76 42 76 43
26 48 27 44
49 44 48 46
62 43 62 44
67 48 67 41
1 44 1 45
10 44 10 45
18 45 18 42
25 22 25 51
32 44 32 45
40 60 40 55
53 46 53 45
59 48 60 50
68 44 68 45
34 45 34 46
37 45 37 48
42 45 42 46
50 45 50 46
71 45 72 43
78 47 78 44
82 40 79 58
40 44 40 49
63 47 63 42
66 54 65 48
4 49 5 51
28 48 28 45
71 47 71 48
5 45 3 52
45 48 45 49
48 48 48 49
51 48 53 51
26 50 27 50
35 50 33 57
58 50 58 53
72 49 72 50
74 49 74 54
7 50 7 51
15 50 15 51
38 44 37 52
56 50 55 48
68 50 68 53
11 52 11 49
26 53 27 55
30 47 29 49
56 52 55 54
62 51 64 50
71 53 72 53
80 48 80 53
12 53 12 48
22 51 21 45
49 55 49 50
75 52 75 53
82 52 82 59
1 53 1 58
9 52 9 61
16 53 16 54
21 59 20 59
29 55 31 48
30 53 30 54
37 54 39 43
61 55 61 54
64 53 64 62
46 54 45 56
59 54 59 61
78 55 78 52
4 56 6 61
15 55 15 56
19 55 19 56
56 55 56 56
69 54 70 58
76 55 76 50
9 57 8 71
11 58 11 55
62 56 62 63
72 55 69 59
73 58 73 59
5 57 6 55
13 57 13 58
16 57 19 61
30 58 31 56
41 57 41 58
29 59 26 61
31 64 30 62
34 54 46 79
51 58 51 59
27 60 26 58
53 60 53 57
24 60 22 65
38 60 38 61
46 60 46 65
61 60 61 61
72 60 74 63
14 60 13 64
48 61 48 64
69 61 71 62
74 79 77 57
82 63 82 66
7 62 6 76
11 67 8 73
15 70 17 63
26 69 28 76
34 61 34 64
56 62 57 60
25 65 25 62
35 63 34 59
81 4 78 62
16 64 16 65
29 64 29 67
40 64 41 64
68 57 71 71
71 64 71 65
6 65 7 65
10 65 10 66
37 67 37 68
46 74 49 66
53 65 53 66
59 67 61 64
2 62 2 47
33 67 32 65
46 71 49 71
54 67 54 64
61 66 64 64
66 65 66 70
73 66 74 68
3 71 3 68
6 68 6 71
27 67 26 77
56 70 57 68
63 68 62 68
72 67 72 68
30 65 29 71
76 69 76 62
1 69 1 70
13 69 13 70
38 69 40 62
45 70 45 59
47 69 47 70
59 69 59 70
20 70 21 72
22 70 22 73
54 86 33 80
51 64 52 68
75 71 76 71
4 72 4 69
34 69 36 74
78 71 78 66
81 69 81 74
12 72 11 70
28 72 28 73
32 69 28 82
38 73 39 71
42 72 42 73
58 72 58 73
64 72 63 70
72 82 72 81
11 74 12 76
13 73 13 74
19 73 19 74
20 77 21 75
35 73 34 71
47 85 48 85
67 72 66 76
7 74 7 75
9 85 5 84
41 74 41 77
44 74 45 76
55 74 54 78
1 76 2 74
9 75 8 77
32 78 32 73
49 76 49 73
54 75 54 76
59 75 59 78
80 78 80 77
34 77 35 77
52 76 52 77
58 76 58 77
75 77 76 79
3 82 6 86
51 79 52 83
65 77 65 80
8 79 9 83
11 79 11 60
22 68 24 83
67 78 68 76
14 80 14 83
18 81 17 77
19 79 33 86
30 73 31 85
35 81 37 76
71 84 68 80
79 84 81 83
3 75 4 77
9 80 9 81
12 86 16 73
63 81 62 77
78 86 79 86
21 81 21 82
27 81 26 85
61 76 60 80
74 81 74 82
12 81 14 86
33 82 33 83
39 85 37 84
42 82 42 83
42 80 41 86
60 82 60 83
69 83 70 75
78 83 78 80
40 83 40 84
46 81 45 85
57 80 50 82
76 86 73 84
15 82 17 85
21 78 24 86
58 85 58 82
62 75 62 84
66 84 64 83
1 85 1 86
19 85 19 66
35 85 35 86
56 86 56 83
79 96
469
1 1 7 4
8 3 6 2
9 1 9 2
16 1 16 2
21 8 21 3
37 23 24 3
29 2 28 2
31 2 30 4
43 2 45 3
46 1 47 1
53 7 50 3
54 2 56 1
58 4 56 11
59 1 60 1
72 1 73 1
77 2 76 2
11 3 12 1
45 7 34 1
48 3 49 7
52 2 52 3
56 3 54 4
63 4 63 3
2 7 1 19
60 3 65 1
68 1 63 7
65 5 67 2
77 4 79 1
16 7 14 4
46 5 47 7
50 9 52 10
75 4 75 5
79 5 79 16
14 21 17 13
24 5 24 6
28 14 26 17
30 8 34 7
38 5 36 8
51 5 51 6
54 6 56 5
71 10 67 15
5 7 7 8
19 6 20 6
27 5 27 10
37 6 37 7
59 10 60 20
67 7 66 9
69 6 69 11
76 23 73 9
9 5 8 9
12 5 14 8
21 49 23 86
40 5 42 6
46 8 46 9
55 8 55 9
79 8 79 9
19 9 19 10
32 9 33 9
35 9 35 10
77 10 70 2
11 18 11 9
12 11 13 11
44 11 42 10
49 14 48 8
67 11 65 8
74 10 74 11
24 11 24 14
29 41 30 63
36 15 37 11
64 15 64 12
73 5 69 14
7 14 8 14
15 18 15 9
36 12 36 13
59 14 57 15
62 12 62 15
77 13 79 18
20 12 18 21
21 14 22 12
38 16 40 9
46 13 46 14
72 13 72 14
75 16 75 9
42 14 38 19
66 14 66 13
74 14 74 15
7 17 6 15
14 15 14 16
23 15 23 16
27 15 27 16
32 16 32 13
44 16 43 12
55 15 55 16
60 16 60 11
70 16 70 13
50 41 61 37
77 16 77 17
2 18 2 11
18 17 19 19
24 17 24 18
32 19 33 21
42 16 39 18
51 15 52 19
58 17 58 18
63 18 62 18
8 19 9 17
13 18 13 19
22 18 22 23
36 18 36 19
45 18 46 20
59 22 50 16
54 18 54 19
66 18 66 19
70 19 70 24
6 19 6 20
35 86 40 96
44 19 45 21
49 19 49 20
65 17 63 20
73 19 72 17
10 20 9 22
16 20 17 20
23 21 23 46
29 20 30 20
51 20 51 21
56 37 52 32
73 21 73 22
30 24 30 23
42 21 41 19
6 50 9 12
9 24 13 29
62 23 62 26
66 23 68 18
4 23 7 25
11 23 12 25
28 33 27 19
49 23 49 24
52 23 52 24
55 23 55 30
60 23 62 28
71 20 69 25
1 24 1 25
15 24 15 25
17 25 17 24
34 24 34 25
38 21 37 29
42 24 42 25
54 24 54 25
65 24 63 25
67 25 68 29
10 26 14 23
21 25 21 26
45 24 43 37
45 27 46 23
2 26 2 27
6 26 6 27
39 26 39 27
57 29 57 22
59 28 59 25
8 28 6 29
69 27 73 26
71 28 74 28
11 38 14 26
1 28 1 29
4 29 4 30
21 29 21 30
30 29 30 30
71 30 72 30
78 29 78 30
10 30 10 31
34 30 34 31
66 29 63 41
22 27 22 36
30 26 30 33
33 32 32 26
1 31 1 34
4 26 8 31
9 32 9 33
17 32 16 34
20 32 20 37
46 17 42 28
48 32 49 30
60 32 60 33
79 32 79 33
13 33 13 34
18 31 18 46
21 33 21 34
40 52 40 29
50 33 50 34
4 37 7 35
9 36 7 39
59 34 59 35
61 35 58 33
76 30 76 41
6 36 6 37
28 35 28 36
71 38 65 47
1 36 1 37
49 38 47 39
54 34 54 39
73 37 73 32
13 37 13 38
23 38 23 43
28 38 28 39
43 45 46 33
51 36 50 44
64 38 64 39
40 37 40 42
47 73 48 43
53 41 52 35
1 41 1 48
4 40 4 41
12 43 6 42
11 65 9 50
18 41 19 27
68 47 68 38
78 41 78 22
79 36 79 45
17 43 15 40
35 42 36 36
30 49 30 50
58 44 57 40
2 43 2 44
5 43 5 44
15 43 16 45
60 43 60 44
9 44 9 45
14 44 15 32
28 18 28 51
47 45 46 43
56 44 56 45
64 43 62 40
76 44 76 45
10 47 10 42
36 51 36 38
71 46 76 66
5 46 5 47
40 59 41 61
62 48 63 50
5 57 6 53
24 47 24 50
36 47 36 48
39 47 39 50
56 47 56 48
7 48 6 48
12 57 13 49
25 48 25 49
47 48 47 49
72 48 72 47
45 49 45 50
52 44 51 46
65 49 65 50
73 45 73 52
2 51 4 52
15 53 16 47
46 52 48 47
74 46 71 56
31 51 31 54
33 54 33 47
44 51 44 60
65 52 64 54
67 51 67 52
75 51 75 52
10 52 10 55
29 52 28 62
30 55 32 48
51 52 51 53
57 52 56 50
59 52 59 55
3 54 2 54
19 53 19 54
43 53 43 54
62 54 63 52
78 56 78 47
36 55 35 53
76 54 75 60
27 50 23 59
10 57 11 49
46 56 46 57
53 56 52 58
58 56 58 57
66 56 66 57
74 61 76 50
32 64 33 66
39 64 38 60
43 57 43 58
58 60 57 54
78 60 78 61
7 56 7 59
20 59 20 56
31 59 31 60
68 63 68 54
17 60 17 57
28 76 27 84
27 58 27 61
53 48 50 64
61 61 61 56
1 60 1 61
4 62 1 66
14 60 14 63
34 58 34 67
63 60 63 61
12 61 13 65
71 61 71 62
1 63 2 59
9 59 8 55
10 62 10 63
37 68 37 45
47 63 47 60
51 63 51 60
57 61 60 63
19 76 17 49
20 65 21 69
44 76 46 71
56 64 56 65
55 40 50 90
65 66 66 76
78 66 78 63
5 66 6 66
21 67 19 66
31 66 31 65
54 65 53 73
29 67 32 71
55 68 53 77
56 70 57 78
67 67 67 68
71 68 68 90
77 67 77 68
11 69 12 67
19 68 19 69
33 69 35 68
45 68 45 69
58 67 58 68
67 65 66 69
74 68 75 70
7 72 6 62
30 70 31 70
41 74 43 67
79 48 75 75
1 70 1 71
20 71 19 71
27 70 27 73
38 70 38 71
57 82 62 76
63 56 60 66
5 76 3 67
16 81 17 65
29 71 29 72
35 71 35 70
41 72 42 68
48 71 49 67
74 71 74 72
3 72 3 73
14 72 14 73
22 71 23 75
46 94 48 81
10 74 9 66
22 73 22 82
34 74 31 72
73 73 73 74
1 74 4 74
75 77 77 90
10 76 10 77
58 75 58 76
64 57 60 72
73 76 72 64
79 75 79 76
7 78 7 79
35 76 35 77
40 76 40 79
60 77 60 74
71 76 71 77
12 78 12 71
22 79 21 77
26 77 26 80
51 77 51 78
68 73 66 78
8 74 13 70
27 78 27 79
60 79 60 82
1 79 1 96
4 77 6 86
10 80 11 84
17 79 17 80
38 79 36 78
46 79 45 77
54 79 54 82
56 79 56 80
63 80 62 82
65 79 65 80
67 84 67 87
13 79 12 89
41 80 41 83
70 80 70 81
37 81 38 83
68 81 68 82
72 81 72 82
78 82 78 79
13 82 13 83
30 83 29 77
50 83 50 80
64 82 64 83
66 82 66 83
6 90 2 81
75 81 76 91
18 85 19 83
32 84 33 82
37 84 37 87
46 84 46 85
48 85 48 90
56 87 59 85
79 84 79 87
8 83 13 93
14 85 14 86
39 85 39 86
51 85 51 86
9 86 9 87
25 86 25 87
42 85 40 84
58 86 59 92
70 88 72 85
7 87 7 88
16 87 20 82
22 88 22 93
28 87 28 90
32 93 31 85
35 88 32 76
49 94 55 89
61 89 60 95
2 89 2 86
30 88 32 81
41 88 41 89
66 88 66 89
14 89 14 78
24 92 27 94
43 89 43 88
46 81 44 84
73 88 69 85
2 92 3 92
9 93 8 95
17 92 17 89
63 90 63 91
10 92 10 89
12 95 5 91
26 91 26 92
31 92 34 96
30 91 36 94
37 91 38 89
44 92 43 94
43 79 57 90
70 91 70 92
79 92 77 83
15 93 15 90
40 93 40 90
46 92 47 92
56 93 55 95
75 92 75 93
77 96 79 95
5 96 3 95
25 93 29 84
52 88 52 95
53 93 53 94
60 93 54 96
63 96 62 92
74 94 73 96
77 93 76 95
14 95 20 42
57 94 57 95
71 94 68 92
21 96 20 94
81 78
385
19 1 22 1
23 2 29 3
30 1 30 2
40 2 41 4
47 1 48 1
50 1 49 3
52 11 52 6
53 1 53 2
55 3 54 5
64 1 61 13
70 1 68 2
76 15 73 7
75 2 72 8
1 1 1 2
3 5 7 10
6 3 3 1
7 12 9 7
15 3 9 2
34 2 34 3
43 1 41 10
42 12 46 3
50 6 46 5
57 3 56 1
61 2 62 8
68 4 69 6
77 3 78 1
4 3 4 4
7 4 7 5
13 3 13 8
17 11 22 3
38 3 38 4
65 3 65 8
77 11 78 5
3 14 3 9
11 14 17 7
21 5 22 5
56 4 56 5
72 4 72 5
80 5 80 2
11 5 11 12
18 5 18 6
39 10 39 11
59 2 58 10
62 6 60 7
15 6 15 7
22 7 20 8
24 6 24 7
29 6 29 7
31 6 31 7
58 34 55 42
6 7 6 8
43 8 46 8
50 31 47 37
31 9 32 1
80 8 80 13
44 9 43 11
67 9 67 14
75 9 75 10
77 6 77 7
10 10 10 11
22 10 22 13
24 10 24 13
33 10 33 11
37 11 37 2
71 13 70 5
45 11 45 12
50 11 50 12
1 8 3 23
14 32 18 13
26 12 26 13
29 12 29 13
34 6 34 19
70 17 70 20
78 12 78 13
3 26 15 11
9 13 8 17
15 21 16 15
43 14 43 15
58 14 58 15
60 14 60 15
64 14 64 13
6 16 6 13
39 15 39 16
45 15 44 13
71 15 71 16
3 17 3 18
17 16 17 17
44 17 44 18
63 16 63 17
20 76 31 78
67 16 71 31
14 18 14 19
17 23 21 16
26 18 26 19
40 18 40 17
49 21 49 16
55 7 52 43
57 18 57 21
60 18 60 19
73 19 74 13
9 19 9 20
11 22 11 17
18 19 15 17
19 26 19 31
22 19 22 20
38 20 38 17
41 20 41 15
45 19 46 23
49 23 49 8
53 24 54 14
64 19 64 20
80 19 81 15
10 25 13 15
33 22 34 24
38 22 42 17
51 20 51 21
73 21 69 18
75 19 77 26
24 21 24 22
66 21 67 19
77 21 77 22
79 26 81 29
1 22 1 23
7 23 7 18
20 22 20 23
39 23 42 23
59 24 59 21
65 22 69 35
73 23 72 25
6 24 5 28
22 23 22 24
29 24 27 15
63 23 63 24
2 29 1 31
33 25 42 27
52 23 53 27
56 27 55 19
8 25 8 26
50 25 50 26
69 25 69 28
25 27 23 28
29 26 29 27
51 28 51 29
67 26 67 27
10 31 12 26
59 28 66 18
72 27 72 28
75 27 75 28
16 30 16 27
28 29 25 17
32 24 35 38
35 28 35 31
42 53 36 64
48 29 53 33
62 26 58 31
65 28 65 29
8 29 5 33
18 29 18 30
21 30 21 25
33 29 33 30
54 30 55 28
63 29 62 41
7 30 7 31
42 29 40 32
43 28 42 32
52 31 50 34
76 30 76 31
3 31 3 32
38 36 39 28
44 35 45 27
69 31 70 33
74 31 74 32
16 44 19 36
32 38 33 40
65 32 65 33
2 33 2 34
21 34 26 22
47 33 47 34
15 38 17 41
17 35 18 33
27 35 27 32
36 35 35 35
40 35 39 39
55 34 54 40
67 35 67 30
76 37 75 33
80 33 79 39
11 35 11 36
62 32 60 39
74 35 75 35
4 37 5 35
8 35 8 40
22 36 21 40
24 36 25 38
65 36 65 37
75 38 74 38
8 37 8 38
30 37 29 31
54 38 54 35
58 37 57 35
81 35 80 35
3 38 3 39
12 38 12 39
18 38 18 39
23 46 24 32
45 41 45 44
23 39 24 39
72 39 72 40
76 40 73 44
1 41 1 36
3 41 4 41
6 40 6 41
30 40 30 39
50 54 50 67
51 42 52 34
81 40 79 41
10 43 12 42
22 41 22 42
41 40 39 51
56 41 60 32
6 43 7 53
41 42 41 45
60 47 60 46
18 43 19 43
21 45 21 46
31 42 29 43
37 44 37 39
69 43 69 44
12 44 11 60
47 42 47 47
62 44 62 45
67 44 67 49
12 72 16 57
18 45 16 48
49 46 49 43
56 50 50 51
66 45 66 48
74 45 71 57
55 46 56 48
64 46 65 52
10 47 13 25
39 47 39 48
51 49 53 50
3 48 3 49
14 48 14 49
29 60 30 50
76 49 77 63
79 49 77 54
5 49 5 50
10 50 9 54
18 49 17 53
44 50 43 68
48 49 48 50
12 48 12 59
24 50 24 53
27 50 27 51
36 46 36 53
40 52 41 52
58 52 57 52
62 50 62 51
78 51 78 52
81 43 81 66
1 52 1 53
32 58 31 54
47 52 46 54
63 52 63 53
3 53 3 54
24 55 25 49
55 53 56 53
72 53 71 55
61 55 59 50
63 56 63 43
68 54 68 55
2 57 3 57
8 60 8 59
10 55 10 58
15 55 15 56
43 54 43 59
47 55 48 55
51 55 51 56
80 55 80 56
6 56 1 58
21 48 26 46
31 57 30 55
34 56 34 57
37 54 36 60
68 63 68 52
69 57 70 59
74 66 77 42
5 63 2 45
19 61 19 52
22 59 22 62
40 61 40 54
46 62 46 57
53 58 52 58
1 68 2 62
48 57 47 61
80 59 80 60
14 60 13 62
31 59 32 61
55 57 56 65
60 56 58 59
65 60 66 62
9 61 9 64
52 64 53 76
55 61 55 66
70 62 69 64
76 59 76 66
19 48 19 63
58 62 61 62
81 62 81 63
29 72 32 66
34 64 33 42
49 58 45 69
52 69 52 54
58 66 59 64
63 64 63 61
7 64 7 65
40 64 40 65
42 65 43 63
45 64 44 66
47 64 47 65
45 78 48 78
69 67 69 72
78 55 75 75
2 65 2 66
20 65 19 67
22 65 24 60
24 64 23 76
63 68 66 54
74 71 73 59
4 72 4 67
39 69 40 67
64 67 67 51
22 69 23 71
29 67 29 68
38 67 38 68
65 70 65 69
6 68 6 69
9 68 9 69
68 68 70 65
71 47 72 77
75 68 75 67
20 72 20 73
34 69 34 70
44 71 43 73
48 70 48 67
57 69 56 73
51 76 57 67
70 69 70 70
78 69 77 71
7 70 7 71
18 70 12 75
26 71 26 68
68 76 71 68
10 71 10 70
14 71 13 69
36 71 36 74
41 71 41 72
46 71 45 73
51 71 51 66
61 71 61 76
16 68 16 77
22 72 22 73
35 72 35 73
59 73 59 72
63 73 70 49
76 72 76 73
64 76 79 72
9 73 10 67
80 75 77 29
26 74 25 72
42 74 43 78
55 77 55 78
24 75 24 78
29 75 28 77
40 75 41 77
46 75 49 73
66 75 66 76
6 76 7 76
76 76 76 77
79 77 80 77
35 68 35 75
38 77 41 69
57 78 59 75
92 94
534
1 1 2 1
13 1 14 1
18 9 17 11
23 2 24 12
26 1 25 1
28 2 27 4
30 1 30 2
39 1 39 6
41 1 42 1
59 11 52 5
65 1 58 1
68 2 67 6
72 7 74 8
75 1 76 5
84 8 76 11
78 1 78 2
81 3 82 5
85 2 84 4
2 6 1 4
9 2 9 3
11 4 7 1
39 20 49 1
79 3 80 1
7 21 7 4
17 2 17 1
20 3 21 3
34 6 30 7
88 6 87 8
48 4 47 8
54 2 55 6
63 6 59 3
69 4 69 3
5 15 3 16
5 5 5 6
11 22 15 9
13 5 12 7
24 6 24 3
30 4 27 6
50 6 50 3
60 5 60 6
67 12 65 7
16 6 15 4
20 6 23 18
27 11 28 7
1 7 1 8
10 7 10 8
21 7 21 8
61 4 64 12
71 6 74 10
78 7 77 9
81 7 81 8
25 36 16 32
37 7 35 12
57 7 53 6
62 8 62 9
2 9 2 14
6 10 6 11
29 10 29 19
50 22 43 24
48 10 54 17
92 13 91 1
12 25 17 19
47 11 47 12
51 11 43 20
56 18 55 16
73 11 73 16
78 11 78 12
16 13 16 10
18 13 19 17
32 12 32 13
53 12 53 13
56 12 56 13
72 12 72 13
86 13 86 10
90 7 89 13
7 13 7 14
20 15 20 14
30 14 32 9
34 21 32 16
42 14 43 12
49 13 49 14
58 14 55 10
65 13 65 14
9 14 9 15
52 14 51 16
61 14 57 17
79 14 79 15
84 14 84 13
91 14 92 16
15 15 15 16
24 15 25 13
46 16 45 14
80 16 80 13
36 16 36 17
38 19 38 14
49 18 52 22
76 17 75 21
82 16 82 17
46 19 46 18
78 17 75 23
88 9 90 22
6 18 6 19
21 19 21 16
53 43 52 51
62 22 62 33
79 18 79 19
26 19 26 20
29 25 31 18
32 19 32 20
36 20 38 3
47 20 47 17
64 19 66 20
71 22 72 18
1 20 2 18
4 21 4 18
18 21 19 19
24 21 25 17
61 20 61 21
64 24 66 17
70 20 70 21
72 20 72 21
77 21 77 18
30 21 31 21
69 18 67 25
9 12 2 26
6 23 7 23
14 28 15 28
21 22 21 23
27 16 27 25
33 26 34 8
56 32 58 19
79 22 78 24
81 26 83 39
82 19 83 31
10 23 10 24
35 23 35 26
47 23 47 24
33 24 31 23
54 20 54 33
74 24 74 25
84 18 85 38
17 25 15 18
35 28 38 24
42 25 42 26
45 25 44 45
52 26 52 27
65 26 63 25
71 25 70 27
92 19 92 30
38 28 41 24
50 26 50 29
60 25 58 24
61 26 60 28
1 31 1 34
4 27 4 24
17 28 16 22
40 27 41 27
75 27 76 27
86 27 86 28
6 31 3 31
21 28 21 29
34 30 34 29
36 30 42 35
46 28 46 29
48 46 45 48
75 35 75 40
90 28 91 18
10 29 10 26
39 29 39 30
57 30 58 28
65 32 64 30
69 26 67 33
80 29 80 30
14 30 14 31
17 30 18 30
51 34 52 30
60 44 59 42
70 30 70 31
76 32 76 29
87 49 85 42
8 32 8 33
32 32 31 28
46 32 46 37
3 33 3 34
15 41 15 42
19 33 19 34
29 34 29 29
31 38 32 36
58 31 56 36
7 34 9 31
32 46 32 49
49 35 46 21
69 40 71 39
80 35 81 21
82 34 83 36
85 34 85 35
89 32 89 39
5 37 5 34
12 35 12 36
27 36 26 34
30 36 30 27
61 37 62 37
65 35 64 37
90 37 86 16
21 37 22 31
32 40 35 40
11 37 11 38
17 38 17 35
19 37 19 38
26 47 25 49
39 39 41 34
59 38 59 33
87 40 87 33
2 38 3 38
6 38 6 39
25 38 25 39
45 33 47 42
63 40 63 39
65 42 65 39
67 38 67 39
79 10 73 45
77 34 76 48
4 42 3 40
45 40 45 41
48 39 48 40
57 34 56 38
6 42 6 41
25 43 26 41
40 43 40 48
54 41 54 38
57 40 57 41
64 60 61 74
91 41 91 38
9 41 9 42
17 41 17 42
35 43 34 49
76 37 76 44
78 41 78 42
90 40 91 46
2 45 3 47
20 42 19 40
38 42 39 46
50 42 50 41
56 43 57 47
11 43 12 41
45 43 46 47
62 42 63 46
66 43 66 44
71 41 70 45
81 46 81 39
88 43 88 42
6 56 5 58
18 47 19 47
28 47 28 40
33 44 33 45
47 44 47 45
62 44 62 45
74 44 79 36
80 44 80 45
15 45 15 48
29 39 29 48
36 45 38 36
41 47 42 43
61 68 55 61
5 44 4 50
8 44 9 52
11 46 10 40
24 62 24 55
24 46 24 47
38 48 38 47
68 45 68 48
92 47 89 25
9 47 8 39
11 48 12 48
52 47 52 48
21 46 20 48
36 48 36 49
55 50 54 46
64 51 65 45
69 49 69 52
73 48 73 49
36 92 42 91
83 49 85 48
88 47 88 52
2 50 2 51
20 50 17 68
28 50 27 48
30 50 30 51
47 51 48 49
61 53 62 47
65 53 67 52
79 50 80 50
90 50 90 51
14 52 14 49
16 50 16 53
43 48 42 54
57 51 57 52
88 55 90 48
39 49 39 54
44 53 45 61
46 54 51 44
91 53 86 79
4 53 4 54
30 53 30 54
36 52 34 55
49 55 49 52
50 56 50 61
53 56 54 58
58 53 58 54
81 53 80 47
9 54 9 55
21 54 29 59
29 55 24 23
56 54 56 55
75 55 76 51
81 56 81 55
19 55 20 55
37 55 37 60
47 56 48 68
60 55 60 56
71 66 72 52
16 56 23 36
22 56 21 58
42 58 42 57
63 64 62 54
70 56 70 57
85 57 85 54
90 56 90 63
14 57 14 60
66 57 66 58
70 63 70 62
76 58 77 56
3 58 2 54
9 58 12 50
13 58 13 59
56 59 58 58
88 58 87 58
23 59 23 60
27 55 26 63
35 59 32 57
39 59 40 57
52 59 52 60
81 60 80 58
19 60 20 60
31 58 33 61
48 61 49 59
54 62 57 66
58 60 57 62
77 60 77 63
85 60 85 61
12 61 12 62
15 61 15 62
38 62 37 62
60 61 60 62
67 60 67 65
3 83 5 68
6 61 13 55
17 63 17 58
63 62 63 59
79 62 80 62
9 63 9 66
37 76 37 67
58 67 58 64
68 55 70 70
19 64 20 62
22 65 23 63
49 65 49 62
79 64 79 65
85 64 85 65
88 64 87 60
4 65 4 66
18 73 21 73
27 68 28 58
35 67 35 68
62 65 62 66
69 65 69 66
41 66 42 64
53 66 48 72
75 66 75 67
78 66 78 67
1 68 1 63
21 67 21 68
22 72 23 68
64 66 63 70
66 67 65 59
73 61 74 69
7 68 11 57
31 66 28 74
43 68 43 69
68 68 68 69
82 72 85 40
28 70 28 71
30 69 33 53
32 69 32 70
45 72 45 65
72 74 72 67
77 69 77 70
86 69 87 69
89 69 89 70
19 71 19 74
37 70 37 71
46 70 46 71
52 81 56 92
66 70 65 76
68 73 66 88
74 72 74 71
81 67 75 60
1 71 1 74
13 66 14 68
25 71 25 72
33 72 33 65
61 88 58 88
69 71 70 73
86 71 86 76
2 72 2 73
36 72 36 73
88 72 88 67
4 74 4 71
42 73 42 72
47 73 51 68
7 74 6 76
39 74 39 79
48 75 48 76
54 69 49 85
55 72 56 76
75 74 75 75
78 72 79 68
81 74 84 94
20 75 20 76
34 76 34 73
41 76 41 63
77 75 77 76
90 71 88 78
16 71 14 74
21 77 23 76
26 76 26 77
46 76 46 79
11 71 11 90
35 83 34 79
50 77 50 80
55 78 57 87
63 77 63 84
71 77 71 78
78 77 78 82
83 79 84 75
10 78 9 84
32 81 25 85
56 69 57 85
66 78 66 81
69 78 69 79
76 78 76 79
4 79 3 75
9 79 9 80
29 84 26 84
53 80 53 73
81 79 81 82
2 78 2 61
5 80 5 81
19 80 19 81
22 80 23 82
40 90 42 85
73 81 73 80
75 80 75 81
84 81 82 78
1 82 4 82
15 82 15 77
28 81 28 82
34 82 32 83
37 81 37 84
45 81 45 82
60 81 60 82
68 82 76 93
10 82 10 83
21 82 21 83
30 83 29 79
43 76 40 84
51 82 51 83
54 82 54 83
86 82 86 83
76 84 75 84
88 87 90 66
3 93 7 82
19 84 18 86
22 84 7 94
55 81 54 87
62 85 64 78
73 84 73 85
76 73 75 89
84 83 83 91
4 85 4 86
20 85 14 94
34 85 34 86
48 86 48 89
59 85 59 86
67 85 67 86
69 85 69 86
87 85 90 77
31 86 32 86
37 87 37 90
43 86 43 87
81 85 79 84
11 85 9 86
18 93 32 90
50 87 50 88
76 88 79 78
81 87 81 88
3 89 5 94
22 88 22 89
35 88 35 91
58 93 65 87
68 88 68 93
86 88 86 91
89 88 89 89
6 90 6 87
24 92 30 87
34 89 34 90
56 90 54 91
92 92 86 93
8 89 8 76
18 88 20 87
39 94 32 88
49 94 48 80
63 90 63 91
73 91 73 92
79 91 81 94
88 90 88 91
1 91 1 94
38 91 38 92
51 86 51 93
60 91 60 92
41 94 45 85
43 92 44 90
63 94 66 92
72 94 72 93
96 86
488
1 1 1 2
4 1 3 1
7 6 4 4
16 1 17 1
25 2 24 2
27 2 26 4
53 2 54 2
57 4 58 2
60 1 60 2
64 4 69 8
69 10 74 4
78 27 80 32
8 2 8 3
13 3 12 1
33 3 32 1
43 3 46 1
45 2 45 3
51 2 51 3
63 2 63 1
67 3 67 8
74 6 72 5
77 2 77 3
85 2 84 4
18 3 18 4
26 7 22 2
28 4 27 8
47 4 47 5
54 4 55 8
82 3 83 3
44 5 45 7
62 9 63 19
76 4 76 5
80 1 79 1
12 6 10 15
37 3 37 2
40 5 38 12
49 5 49 6
52 5 50 4
89 5 89 6
10 6 8 9
29 6 29 7
34 6 35 2
42 6 42 7
45 12 44 10
77 6 77 7
85 14 82 6
6 10 7 4
31 8 31 5
54 9 53 9
63 13 65 6
1 8 1 15
4 8 5 8
18 31 17 43
70 11 74 22
2 9 3 7
38 10 39 4
66 9 66 12
89 9 89 10
94 10 94 7
47 16 48 8
77 10 77 11
83 13 86 5
90 4 85 12
11 14 10 10
18 11 16 6
24 11 24 12
35 11 35 12
41 19 40 17
43 11 34 9
81 12 81 7
90 8 88 11
91 11 90 15
2 13 6 14
22 12 22 13
28 12 28 13
33 12 33 13
49 12 49 15
51 12 51 15
87 12 87 13
89 2 91 29
37 13 36 17
40 13 40 14
44 14 46 11
78 13 78 14
16 15 15 17
26 14 27 10
35 14 35 15
45 15 46 15
68 12 68 27
33 15 33 16
38 15 38 18
43 16 43 29
56 15 57 11
60 21 61 13
73 15 73 16
76 15 76 18
79 15 81 14
82 15 82 16
23 16 23 17
30 17 31 3
53 16 51 17
60 16 60 19
20 17 20 14
61 17 63 16
64 17 64 18
71 20 72 12
96 22 96 13
23 24 23 19
28 18 28 19
35 22 35 19
55 18 55 19
2 19 3 19
6 19 6 22
11 19 11 20
18 20 17 20
21 19 21 20
32 28 31 18
32 17 36 10
47 21 50 21
50 19 48 18
55 11 52 19
77 16 75 29
80 27 80 18
86 19 86 20
85 26 91 7
5 20 5 21
15 19 17 22
77 20 83 37
84 20 84 21
95 2 89 17
3 21 3 22
21 22 23 27
45 80 46 82
44 17 44 26
88 21 89 19
58 22 58 25
65 23 65 20
79 22 79 23
85 22 84 24
12 25 12 22
49 23 48 23
74 25 74 24
19 24 19 25
30 24 31 24
37 23 35 26
56 25 56 20
62 24 62 27
27 25 32 37
61 25 61 26
66 15 65 31
93 28 93 27
8 42 2 33
7 24 7 39
9 22 10 30
12 27 13 23
54 24 53 32
73 26 73 27
90 26 90 27
4 33 4 34
15 27 17 24
28 27 28 28
30 27 29 33
55 84 58 52
67 31 66 25
70 27 70 28
37 27 36 35
51 30 50 26
85 28 85 29
6 30 6 27
13 29 24 7
18 29 16 30
21 29 21 30
38 26 37 34
40 30 40 25
26 31 26 26
38 30 38 31
47 24 47 37
91 32 91 25
75 31 75 32
95 31 95 32
15 34 17 35
20 32 19 34
27 33 26 33
31 35 32 31
69 30 68 36
82 32 82 33
9 18 9 37
13 34 12 38
32 33 32 34
59 27 58 47
61 33 60 35
67 33 64 33
88 34 89 32
93 37 93 56
5 36 5 15
8 34 8 35
51 33 50 39
54 36 54 35
63 28 67 39
71 35 72 33
52 35 52 36
63 35 62 37
66 35 66 38
85 35 85 36
90 36 91 36
1 37 2 37
3 38 4 38
23 33 22 49
39 33 37 46
39 38 37 37
41 37 41 34
58 45 58 28
66 40 62 53
96 37 96 34
14 48 14 45
25 42 26 18
28 37 29 37
46 17 44 46
55 37 55 38
86 37 86 38
10 39 10 42
14 38 14 39
17 41 18 37
31 38 31 39
72 37 71 41
80 38 79 42
88 31 86 40
96 39 95 41
54 47 53 23
91 40 92 38
94 39 94 40
1 45 2 39
13 40 13 43
26 41 27 35
60 38 60 43
62 40 62 43
69 40 68 44
78 40 78 41
21 41 21 42
39 41 39 50
57 7 51 62
89 43 89 42
51 43 51 40
65 42 70 24
67 43 68 41
87 42 87 43
35 42 35 45
79 54 81 41
9 45 7 62
17 45 21 44
75 38 75 49
85 52 84 38
91 46 87 49
93 44 93 45
96 44 96 43
23 46 23 37
80 47 80 44
88 45 88 48
1 53 2 49
23 85 23 58
30 46 30 47
39 46 39 47
56 46 56 53
71 46 71 51
78 47 78 44
7 46 7 49
47 48 47 45
61 49 60 51
70 47 70 48
10 50 10 47
16 50 23 52
29 85 32 85
54 49 54 50
12 49 12 50
38 55 36 52
72 50 72 43
81 50 81 51
93 50 93 53
14 50 14 51
32 50 32 51
75 75 83 48
78 50 78 53
92 47 92 54
96 50 96 53
47 51 47 54
73 42 73 63
83 52 84 54
88 51 88 56
94 51 94 52
10 52 10 53
20 53 19 53
28 52 28 53
41 52 42 60
52 51 53 51
64 52 64 53
68 52 68 53
8 53 8 56
70 53 70 54
77 59 76 51
14 56 13 52
60 54 58 57
80 57 80 52
6 55 6 56
33 55 33 56
42 56 42 51
51 55 51 56
55 57 53 56
70 56 69 58
74 56 73 36
85 55 85 56
89 50 89 59
96 58 94 55
4 56 4 57
10 55 11 61
27 56 28 56
62 56 62 57
18 57 17 61
83 57 84 57
92 58 93 58
5 59 6 51
7 58 7 59
19 60 20 56
34 57 34 70
48 58 48 59
57 58 57 59
60 85 58 62
82 55 85 45
86 58 88 61
12 59 12 60
14 61 13 57
21 62 20 66
36 56 36 59
67 60 67 55
79 59 80 63
10 60 9 58
28 61 28 62
49 44 49 57
70 64 70 59
4 69 4 70
5 71 11 68
25 64 25 51
36 61 36 64
40 62 40 67
49 61 49 62
56 61 56 64
60 64 59 60
63 61 63 62
70 61 70 62
91 59 92 65
93 62 95 63
4 62 4 63
9 62 10 66
30 65 30 54
34 65 34 60
38 62 39 64
56 86 54 71
77 66 81 75
83 62 84 64
85 61 86 67
10 63 11 65
42 63 42 66
14 64 14 85
46 78 45 28
73 71 75 58
76 60 78 69
83 65 83 70
90 64 91 64
5 66 20 86
15 65 15 66
23 70 23 61
26 65 26 66
44 76 34 39
54 65 54 68
67 65 69 50
74 65 74 66
91 69 92 67
22 66 23 74
28 67 28 64
56 67 53 59
61 66 61 73
65 82 63 73
66 66 66 67
79 66 79 67
95 66 96 60
25 72 26 68
64 67 64 68
81 67 81 68
84 68 85 66
33 69 32 67
37 68 38 66
41 69 40 73
49 68 49 69
52 69 52 66
59 65 60 81
37 70 38 74
60 70 60 67
72 69 72 70
1 58 1 81
7 75 8 73
10 71 9 69
20 72 18 69
90 71 89 69
3 72 3 75
42 71 43 71
49 74 49 77
56 71 56 72
66 71 66 72
77 72 76 70
82 73 83 75
84 71 84 72
27 72 28 44
30 71 30 68
33 72 33 73
43 74 43 73
71 72 69 71
73 75 74 69
21 73 21 74
32 83 31 79
35 71 34 75
37 73 37 80
86 71 87 85
96 65 95 71
11 73 7 82
33 53 24 75
52 74 52 75
59 74 59 75
67 74 69 69
68 82 71 74
4 76 3 78
30 77 29 75
65 76 65 77
77 77 78 77
80 76 79 74
90 77 90 74
94 79 94 64
96 75 94 84
5 74 8 80
6 79 12 70
29 78 30 86
61 79 61 76
67 77 67 78
75 77 75 80
93 77 93 78
26 78 25 78
40 78 41 76
44 78 44 79
48 79 49 79
51 84 51 71
54 76 55 76
63 78 64 80
71 81 70 77
23 79 23 80
41 82 41 81
72 79 72 80
82 79 81 85
93 82 93 85
18 82 19 78
28 80 28 81
83 86 79 83
5 81 4 83
9 81 8 83
34 78 34 79
50 81 48 82
81 77 86 77
89 82 90 80
20 82 19 84
22 82 18 65
26 86 26 81
37 83 38 81
52 82 52 83
65 84 67 69
76 84 73 82
78 85 79 79
14 83 14 78
18 80 18 85
63 84 63 81
72 83 73 85
82 83 82 84
48 84 49 84
75 86 64 60
3 85 3 86
5 85 5 84
43 85 35 86
53 85 54 83
63 86 64 86
71 86 68 84
88 67 96 78
49 86 50 86
76 72
353
1 1 2 1
11 11 12 9
17 1 18 1
21 3 22 5
24 2 23 10
35 1 30 5
39 1 41 2
44 1 45 1
54 2 58 3
66 1 67 1
69 2 65 5
9 1 6 1
36 6 36 3
37 4 43 9
49 2 47 1
52 1 51 5
64 2 64 3
71 10 71 5
3 3 3 4
12 3 12 4
29 7 30 9
59 2 59 9
68 15 70 12
10 4 9 6
17 5 18 3
42 7 45 3
46 16 42 19
53 4 53 9
12 6 13 2
52 10 49 4
54 7 56 4
73 5 73 6
26 4 26 1
51 11 49 14
68 13 67 3
69 6 69 7
11 7 11 8
15 7 15 2
32 7 33 7
38 7 38 12
61 24 53 23
73 8 72 12
19 11 22 9
56 9 56 8
62 8 63 8
16 11 12 18
23 13 25 14
25 7 25 12
40 9 42 4
47 9 47 12
75 4 73 11
13 10 13 11
34 11 34 8
36 9 34 14
37 10 37 11
45 8 44 14
66 10 66 13
69 10 69 11
9 11 9 12
44 11 44 12
59 11 59 12
62 12 63 10
4 12 4 13
20 12 22 7
1 14 5 11
8 13 8 10
29 13 29 16
31 13 31 14
40 20 39 22
73 26 70 18
6 19 10 10
20 18 19 16
36 14 36 15
39 14 39 15
60 14 60 19
67 18 65 9
71 14 71 17
76 14 76 15
31 16 33 5
42 15 42 16
51 15 53 12
17 16 17 17
40 16 40 17
55 16 55 17
7 20 8 16
22 17 22 18
29 18 29 21
33 17 33 18
58 13 43 25
59 18 59 15
2 24 2 5
24 18 24 21
36 18 38 29
49 18 49 19
53 14 52 22
58 20 57 14
74 20 73 24
3 19 2 21
8 22 9 18
31 19 34 25
34 19 34 20
38 18 38 25
63 19 63 20
66 19 67 21
69 20 70 16
43 21 43 18
49 38 48 32
56 21 57 21
62 23 64 18
17 22 17 23
20 22 20 25
30 22 30 23
45 23 45 20
55 22 55 23
75 22 75 23
4 29 5 21
14 23 15 23
22 24 22 21
40 23 40 24
65 28 68 22
8 24 8 25
12 24 11 22
15 25 15 14
26 24 26 25
29 24 28 20
64 25 65 25
71 24 71 25
31 25 31 26
14 26 14 29
16 27 17 53
24 25 24 16
40 26 40 27
51 25 50 21
55 26 55 27
60 25 63 31
1 27 1 28
18 27 18 36
29 27 29 28
52 27 53 37
66 58 74 67
73 29 73 38
15 20 11 31
44 29 45 27
53 41 54 31
1 39 3 32
8 55 1 55
10 25 7 27
28 29 28 30
36 28 35 32
42 29 43 31
70 29 70 30
71 27 72 31
59 50 53 45
64 30 65 32
15 31 15 32
43 35 39 28
46 31 45 37
58 31 59 33
61 34 61 27
22 33 22 34
28 33 25 29
31 33 32 31
47 33 47 34
69 32 69 35
8 35 8 28
13 36 13 31
45 34 45 35
49 34 52 58
24 35 23 39
31 35 31 36
36 35 36 36
55 36 55 33
57 38 57 33
60 35 60 36
62 26 59 44
72 35 70 38
4 36 4 37
11 36 5 25
23 36 23 37
26 37 27 27
38 39 39 33
62 36 62 37
68 38 67 28
76 30 76 43
9 37 9 38
15 40 15 35
27 38 29 31
42 36 42 39
65 37 65 38
5 35 5 48
43 43 51 32
5 39 5 40
13 40 13 41
46 39 45 41
60 40 64 33
2 31 1 47
40 30 38 57
61 42 63 45
69 40 69 41
75 42 75 35
2 41 2 44
11 41 13 38
24 41 24 42
34 41 34 44
37 44 39 31
39 41 39 44
50 42 50 33
63 41 63 40
35 42 35 43
72 39 69 55
7 43 7 42
17 44 17 41
70 43 70 44
4 44 4 45
20 48 22 31
29 42 31 39
33 52 32 40
15 46 15 43
27 45 27 46
36 45 36 46
35 60 40 40
60 45 60 46
63 47 64 43
70 46 75 26
72 42 74 49
49 46 49 47
52 46 52 49
56 46 56 49
76 50 70 49
74 46 74 47
37 47 37 58
44 47 44 48
55 62 64 72
60 48 61 48
7 56 5 63
35 48 35 49
42 48 43 50
47 49 47 44
11 56 12 44
15 49 14 51
23 46 31 65
30 49 31 53
62 49 62 50
68 49 68 52
3 50 3 51
6 50 6 51
31 50 31 61
53 50 53 53
66 51 66 48
8 52 8 49
18 39 16 62
25 51 25 52
43 52 41 57
47 51 49 44
61 51 61 54
70 53 71 55
18 52 19 52
23 52 23 53
40 52 40 55
50 45 46 54
51 55 50 49
55 54 57 51
73 52 73 53
75 51 75 54
5 53 5 54
14 54 15 56
48 53 48 54
63 52 61 59
4 56 5 56
10 55 10 46
24 55 24 56
43 55 44 55
47 55 46 57
51 72 47 67
58 57 56 56
65 59 60 55
67 54 67 57
2 59 1 65
49 56 49 59
27 72 26 56
32 57 32 58
50 57 50 58
55 57 55 58
69 57 68 59
21 59 21 56
23 58 23 59
25 58 26 58
35 58 33 37
71 58 71 59
72 57 73 63
5 59 5 60
8 58 10 67
19 59 14 63
32 60 34 55
62 58 59 70
8 60 7 66
12 71 13 45
13 60 13 61
28 60 28 61
41 61 38 71
45 53 45 58
51 60 51 63
54 60 54 59
58 60 58 61
1 61 1 62
25 45 25 62
57 58 54 68
63 68 60 60
75 63 76 63
3 60 1 67
11 62 11 63
39 61 40 63
66 66 67 60
26 64 24 61
31 69 35 72
59 63 59 62
17 66 18 68
18 63 19 61
40 66 38 69
62 62 62 67
68 65 67 71
52 65 52 66
59 65 58 69
73 65 72 67
14 66 14 67
32 66 32 67
33 64 33 69
44 66 44 67
53 67 53 64
57 68 57 65
64 67 65 61
24 68 25 66
34 63 33 71
4 69 4 66
15 65 14 71
21 68 21 69
24 71 16 70
29 68 28 58
42 69 45 61
46 69 46 70
52 69 52 70
70 70 71 68
6 70 3 54
20 70 20 71
62 69 65 69
75 70 75 71
8 69 10 70
17 71 17 72
29 72 28 70
41 71 48 71
45 71 45 64
76 67 74 72
2 69 9 57
