5
70 70
282
1 1 2 1
15 1 14 5
18 1 18 4
26 1 27 1
33 1 31 4
43 6 33 9
37 1 40 5
41 2 43 1
54 1 42 4
56 1 57 1
63 2 62 2
68 1 66 4
8 1 5 5
9 16 10 6
10 2 9 4
46 4 46 3
49 2 50 2
59 1 51 14
14 2 12 1
28 3 28 4
64 3 69 3
35 4 35 5
51 42 58 8
61 4 61 7
3 5 3 12
6 6 5 14
22 5 23 1
31 6 30 8
45 5 45 6
58 5 58 6
26 6 26 7
49 6 49 7
68 6 68 7
4 7 4 8
14 10 14 11
28 7 27 5
51 12 52 4
64 15 61 19
42 8 43 8
48 8 48 11
65 8 65 9
8 9 9 9
18 14 17 10
37 8 39 13
57 9 57 12
12 10 11 12
61 11 62 9
8 18 7 18
30 11 31 11
36 9 36 14
45 18 45 9
63 11 63 6
1 2 1 17
19 13 15 18
37 12 37 13
44 13 44 10
12 14 9 24
18 16 20 9
25 13 25 14
31 14 30 14
57 16 60 16
67 42 67 61
2 14 3 18
22 14 22 11
27 15 27 22
34 14 34 15
40 15 41 41
61 14 61 15
15 15 15 16
30 16 30 17
25 22 23 37
46 17 40 12
55 17 55 12
20 17 20 4
59 17 60 3
3 20 1 21
24 18 25 2
27 18 27 19
41 19 41 16
66 17 67 35
17 19 18 21
22 19 22 20
42 15 41 25
7 20 6 24
12 20 13 18
34 20 33 12
46 20 46 21
55 20 55 21
6 21 6 22
11 21 12 23
22 63 17 67
38 21 36 28
53 24 53 15
58 41 61 21
35 19 36 17
44 23 45 35
47 19 47 30
52 16 51 26
56 22 56 23
1 23 1 26
33 66 22 34
31 20 30 22
2 24 2 25
7 70 6 66
32 29 30 34
10 25 10 26
24 26 24 23
28 26 27 26
35 26 33 23
47 26 47 23
54 25 54 26
58 21 58 30
64 26 64 23
8 26 8 27
14 26 14 29
37 18 40 34
42 27 42 30
6 27 6 28
21 30 21 23
30 27 30 30
52 29 52 28
59 27 59 26
62 27 61 23
68 28 68 21
2 28 2 29
29 28 29 29
37 27 33 34
35 29 34 33
38 70 37 68
52 35 53 33
61 29 61 30
7 30 7 45
25 30 26 30
63 30 63 31
70 31 70 16
13 39 11 28
23 31 23 32
26 33 25 33
50 31 50 32
58 32 55 28
61 32 60 34
17 32 15 23
43 32 44 32
48 32 48 33
64 29 63 43
44 37 45 37
3 27 10 17
28 34 28 35
56 34 56 35
6 35 6 36
21 36 21 33
31 33 31 44
36 34 36 45
62 36 60 51
4 36 4 37
16 35 16 58
36 36 36 37
26 35 25 41
29 37 28 31
39 37 40 37
56 37 54 38
67 38 67 39
9 39 9 40
17 39 17 40
53 40 55 49
64 39 64 44
69 40 70 42
3 42 5 29
9 44 11 33
15 41 15 38
36 39 38 48
23 41 23 42
21 50 19 29
44 39 42 44
5 44 5 41
43 45 44 19
50 57 52 48
56 42 56 45
17 44 15 43
33 43 33 46
40 47 40 40
47 45 48 41
52 44 52 45
66 44 66 45
28 46 28 43
30 46 30 43
8 46 8 47
13 41 11 44
17 46 17 47
57 67 55 70
2 44 1 66
15 49 15 56
30 50 30 49
36 47 37 53
64 47 65 47
4 48 3 46
24 49 25 45
43 48 43 49
27 49 27 50
33 49 32 37
41 51 44 47
57 48 53 63
18 49 19 55
44 52 45 46
62 51 61 45
31 51 31 54
38 51 38 52
70 60 69 52
3 54 5 51
7 51 7 48
20 54 20 59
25 59 25 62
42 53 43 61
7 53 7 54
50 53 50 54
56 53 56 54
68 43 68 58
5 54 5 55
29 62 27 61
40 53 39 59
61 54 61 55
38 55 38 56
45 54 45 61
69 55 69 56
32 56 32 57
46 56 46 57
51 56 52 50
64 51 63 63
3 58 2 56
6 57 6 58
10 59 10 56
30 57 30 58
40 58 40 55
62 61 65 69
19 57 21 62
47 38 47 49
6 60 9 54
22 59 22 60
33 64 34 48
47 59 47 60
55 60 54 56
5 63 2 65
13 61 13 52
37 60 36 66
51 59 55 62
57 62 57 57
65 62 66 56
16 62 15 62
31 61 31 64
67 64 67 63
10 66 10 49
46 69 46 68
58 53 56 56
64 64 64 65
12 64 12 65
26 64 27 68
47 64 49 35
8 66 8 61
20 65 20 68
37 65 38 65
41 65 41 62
41 69 46 63
45 65 45 66
69 66 68 70
1 70 3 61
13 66 13 69
25 68 35 59
49 68 48 18
52 66 51 68
60 66 61 66
10 69 10 70
15 68 16 70
23 65 21 64
44 67 43 69
60 68 61 68
70 70 70 63
21 70 22 70
30 68 30 69
52 70 54 67
3 69 5 68
29 70 31 67
58 66 61 70
62 60
238
3 1 12 5
11 2 9 1
22 2 20 1
32 1 17 1
39 2 38 4
40 1 45 1
48 2 48 1
52 1 50 2
54 2 54 13
58 2 56 1
60 2 62 1
2 3 2 4
13 2 13 1
37 6 37 1
23 3 24 1
25 6 26 2
19 10 18 6
48 6 48 5
41 5 41 8
60 5 60 6
10 6 10 7
11 55 14 33
14 6 15 16
34 5 34 8
54 7 55 3
8 59 3 57
15 7 16 3
36 7 36 8
61 4 57 5
6 7 5 13
32 8 32 9
46 8 46 9
57 17 52 15
58 11 58 18
1 5 1 6
8 9 8 10
21 13 20 3
30 13 31 3
60 9 60 10
30 10 30 11
33 24 33 13
45 11 46 5
1 12 1 13
16 10 15 14
20 12 18 13
36 11 37 19
37 12 37 13
47 13 51 4
52 12 52 13
55 12 56 12
10 13 10 14
38 15 41 3
45 13 44 15
57 13 57 14
2 15 1 15
4 14 6 9
22 16 21 16
29 14 29 19
42 14 42 19
52 7 50 18
59 14 53 59
40 15 40 16
48 15 48 18
5 17 6 15
9 16 10 10
13 16 12 20
34 2 28 17
34 16 34 17
38 11 34 22
50 16 50 13
20 18 14 25
21 20 21 25
32 17 31 15
35 15 34 19
54 16 53 20
7 19 8 13
31 23 33 26
55 15 54 21
16 23 19 15
19 19 17 26
44 23 46 18
6 28 8 23
16 21 17 17
18 20 18 21
25 21 24 11
2 21 3 21
10 21 10 24
13 23 13 22
20 21 20 22
41 13 40 19
47 21 49 20
52 21 52 24
27 22 31 25
50 22 49 22
61 8 59 23
20 26 16 35
37 23 37 24
57 19 51 26
59 25 60 19
1 28 2 18
18 24 18 25
10 26 10 27
46 29 46 26
51 20 49 27
55 23 54 37
57 27 57 26
5 27 6 21
7 26 7 27
15 29 16 29
24 24 24 57
27 27 26 9
42 26 43 28
3 27 3 28
18 32 22 35
34 35 35 29
35 27 36 27
47 27 47 28
7 31 6 33
23 26 19 29
31 28 29 37
50 29 49 31
13 29 13 30
41 29 40 31
58 29 58 32
30 26 23 10
32 31 33 33
49 35 54 35
54 31 54 24
9 33 8 33
10 38 11 18
11 32 11 33
30 34 30 29
47 31 47 34
50 34 53 38
4 30 3 36
37 33 37 34
39 33 39 34
43 33 39 26
60 34 61 26
2 34 2 37
12 35 11 35
22 39 20 36
45 35 45 32
56 35 56 28
18 38 17 34
32 35 27 35
58 35 58 36
6 36 6 37
17 39 17 40
31 36 31 37
43 37 39 54
8 37 8 38
10 45 11 41
23 40 24 42
41 37 38 59
51 48 48 58
40 38 40 41
51 38 51 41
56 38 55 42
43 39 46 41
49 39 49 40
57 37 58 43
8 40 8 35
15 40 15 41
26 40 26 43
26 56 23 56
57 49 58 47
18 41 17 43
62 46 62 29
30 50 35 36
48 42 47 46
1 43 1 44
39 43 40 45
46 43 46 44
60 44 60 41
7 44 7 45
19 44 19 45
22 44 22 45
29 45 29 48
4 53 3 49
20 57 7 49
15 49 15 44
30 46 30 47
41 32 45 45
56 46 56 47
1 47 1 48
9 47 9 48
27 47 27 48
36 54 36 41
12 48 11 46
44 49 43 51
49 50 49 51
54 48 54 49
59 48 59 49
25 49 26 45
35 57 33 42
52 49 51 51
19 50 22 48
53 55 52 43
56 50 56 53
1 51 1 52
20 47 21 49
24 51 24 52
29 51 29 54
30 52 32 43
40 51 40 52
45 52 46 50
55 51 55 52
57 51 57 52
60 51 60 52
8 52 8 53
16 51 19 53
34 52 34 53
48 52 49 54
52 53 51 55
13 53 13 54
30 56 31 56
61 50 61 59
2 54 2 55
49 47 44 53
61 54 61 55
6 56 6 53
22 57 17 55
47 55 43 56
57 55 57 58
12 56 12 57
15 57 16 53
37 56 37 57
41 54 41 59
46 56 46 57
30 60 33 58
39 57 39 58
50 56 50 57
59 58 56 60
6 58 7 60
14 59 14 60
32 60 32 59
50 59 50 60
60 69
259
1 1 2 1
5 1 6 1
7 2 8 8
9 1 9 2
7 15 12 11
17 12 13 5
15 1 20 1
27 3 22 5
25 2 29 1
29 5 34 7
37 4 37 3
38 1 41 1
41 3 45 4
53 2 54 2
60 1 55 1
2 13 8 10
39 13 43 4
47 14 47 3
5 3 5 4
60 3 60 6
18 6 17 8
16 5 16 10
22 15 27 5
57 6 57 3
6 6 6 7
28 7 29 7
52 14 53 4
22 7 22 8
33 4 38 14
48 39 42 38
59 8 60 8
20 8 20 9
29 9 29 22
31 8 32 8
40 10 42 5
43 8 43 9
50 5 51 11
5 9 5 10
31 10 33 9
53 9 54 9
1 11 1 2
10 10 11 6
46 11 48 4
58 10 58 11
5 12 4 6
26 10 27 12
26 18 22 33
53 13 54 11
6 14 4 13
12 60 7 66
16 13 16 14
28 13 28 16
57 13 57 14
12 15 13 13
35 15 36 15
60 14 60 15
9 17 11 12
14 14 12 17
25 16 26 14
33 15 33 16
43 21 43 14
51 15 56 9
54 15 54 16
1 58 2 54
17 16 17 15
30 12 30 21
38 16 38 17
49 16 49 17
53 17 51 20
15 17 14 19
22 17 22 18
11 18 11 19
14 45 18 14
34 17 34 20
42 18 42 17
45 18 45 17
47 16 47 21
48 19 48 20
54 19 54 20
57 19 56 19
3 20 3 21
12 20 12 23
18 23 17 21
27 51 29 32
36 13 29 25
60 18 58 17
33 22 34 24
51 22 56 16
56 21 56 22
25 24 27 29
36 23 36 20
39 23 39 18
58 22 58 23
31 23 31 24
45 21 42 27
3 27 3 18
5 24 5 25
8 24 8 25
19 24 20 28
36 27 36 18
40 21 39 27
42 25 42 22
47 24 47 25
1 26 1 19
15 25 17 18
17 25 17 30
50 14 51 24
57 27 60 35
11 26 11 27
24 27 23 37
45 26 45 27
47 27 48 23
7 29 9 20
9 27 9 22
15 30 13 25
33 27 33 28
50 34 49 26
54 27 51 33
2 28 2 29
37 25 36 31
44 28 45 30
60 31 60 26
4 29 4 32
13 29 13 30
37 29 37 30
43 29 43 30
6 16 7 32
47 30 47 31
58 34 59 34
58 31 57 29
25 32 26 36
44 31 46 36
9 32 9 33
17 33 16 47
23 32 24 34
49 32 49 33
4 38 4 43
8 34 8 35
39 35 38 39
41 33 41 28
3 35 2 37
15 34 15 35
20 32 18 39
34 31 31 31
43 36 44 34
54 35 54 40
7 36 7 37
18 36 18 37
21 34 20 34
28 41 28 44
34 36 33 40
41 36 41 37
53 36 53 37
60 37 60 46
11 37 11 34
14 37 14 38
16 37 16 38
49 37 49 38
23 39 22 41
26 47 26 46
45 38 45 39
54 38 54 29
40 39 40 44
58 38 59 44
3 40 3 41
17 64 20 56
25 40 25 43
57 41 55 44
8 41 8 42
19 41 19 42
32 47 30 52
35 52 33 37
37 41 36 43
42 41 42 42
45 42 45 43
52 40 53 48
12 42 11 40
15 43 16 41
55 46 54 52
20 40 19 48
2 42 2 49
9 44 6 42
30 44 30 45
38 48 38 51
51 44 51 43
53 44 53 45
21 45 21 46
23 47 21 48
48 43 48 52
8 48 7 46
10 49 13 53
29 46 30 48
42 47 42 48
22 50 23 44
33 48 33 45
26 59 19 53
26 49 26 50
33 51 31 60
48 49 48 50
7 51 8 53
11 58 10 52
42 51 43 51
51 47 51 46
5 52 5 53
41 52 41 53
59 51 60 69
33 53 32 57
37 53 37 54
44 53 44 46
55 53 55 54
28 53 28 60
28 58 27 56
30 55 30 56
46 55 46 56
54 55 54 56
25 54 24 62
39 53 40 47
42 58 44 67
49 57 48 55
7 54 8 56
15 57 15 48
5 58 5 59
23 58 24 64
58 61 58 56
3 59 2 59
43 59 44 65
48 59 48 62
50 59 50 66
55 60 55 57
9 61 9 62
16 60 15 60
34 63 35 59
35 62 36 56
1 62 1 65
7 62 15 69
27 63 27 68
3 64 4 62
10 67 12 64
19 63 19 64
41 62 39 63
55 63 55 64
56 67 58 66
56 62 53 62
22 66 16 65
40 57 36 64
52 63 54 66
4 65 4 66
31 62 31 63
47 66 47 67
2 68 2 69
6 67 6 68
24 67 24 68
29 68 41 69
32 67 32 68
50 68 52 53
54 68 52 59
43 68 43 69
17 69 18 69
22 69 21 67
60 68
243
1 1 4 1
18 1 19 1
45 4 41 7
45 1 46 1
57 2 51 5
56 3 59 9
5 4 6 2
9 1 8 1
15 2 17 3
43 2 43 3
54 17 51 21
1 24 3 15
9 5 8 9
23 1 21 2
28 2 26 3
32 1 41 3
48 2 50 15
2 5 3 5
13 5 15 4
37 5 29 6
55 9 55 12
58 19 59 7
10 6 10 7
36 7 35 7
42 8 45 6
3 7 3 8
24 13 24 12
39 6 37 9
39 8 39 9
46 8 46 11
51 8 51 13
10 9 12 2
19 16 18 24
29 33 29 54
29 9 28 11
35 12 35 13
44 8 43 16
44 24 44 11
2 10 2 13
8 13 6 12
25 4 24 8
32 10 31 12
53 10 53 15
57 10 57 11
4 12 4 9
10 15 10 12
19 12 19 13
28 13 31 9
38 13 38 20
60 17 59 17
4 14 5 8
12 14 11 14
31 14 30 18
47 13 47 14
56 14 55 14
58 13 58 14
7 18 4 16
15 28 20 6
25 21 16 35
25 15 26 13
22 17 21 13
29 15 29 16
35 18 34 16
3 25 3 26
5 19 8 15
27 16 27 17
32 16 32 17
45 17 45 18
11 17 6 23
17 15 17 22
24 26 23 28
28 23 26 28
39 19 39 14
48 18 49 18
53 18 53 21
56 21 56 16
31 19 29 22
48 21 48 12
3 20 3 23
14 21 24 16
4 21 4 22
11 21 11 22
31 22 28 26
34 23 36 28
38 24 40 13
21 23 20 23
39 22 39 23
13 23 14 27
18 18 17 30
26 23 26 26
54 23 54 24
9 24 9 27
49 24 49 25
59 24 59 25
11 25 11 26
30 29 30 24
35 25 35 26
40 26 43 22
18 26 18 27
32 26 32 27
44 29 46 24
48 26 48 27
56 27 57 23
42 27 43 31
48 29 49 29
55 28 56 30
59 28 59 29
8 29 8 30
23 37 21 18
55 22 53 25
9 31 10 29
27 30 27 31
45 30 46 30
51 33 51 26
1 32 1 29
7 32 5 33
18 32 18 35
34 33 35 29
54 33 52 36
59 32 59 33
19 33 19 34
19 37 20 45
26 33 26 34
56 35 55 31
1 39 3 28
4 34 8 33
14 47 10 64
22 35 22 36
30 35 30 36
41 36 39 35
5 36 5 37
36 32 37 30
38 36 38 39
45 34 44 36
49 36 49 39
54 35 59 21
15 40 14 30
53 39 53 40
7 36 6 46
9 38 9 39
24 40 24 41
33 37 33 40
43 41 39 28
45 39 47 32
7 40 8 44
12 39 10 32
31 41 32 35
52 43 57 25
58 43 58 38
20 41 20 42
26 39 26 46
39 41 38 27
3 42 3 37
23 42 19 65
56 42 56 43
15 52 12 34
49 51 49 32
2 44 3 46
39 45 40 45
47 44 47 47
4 45 5 43
7 48 8 54
10 50 11 42
28 45 28 46
46 45 46 46
49 45 49 46
59 49 55 54
5 47 2 41
12 47 14 54
34 46 34 47
37 46 38 44
58 46 58 47
22 38 22 51
27 51 26 49
44 45 43 61
54 47 55 47
43 49 43 46
47 55 46 49
53 49 54 45
56 65 54 52
1 50 1 47
15 49 15 50
33 52 34 44
13 50 13 51
18 50 18 53
34 50 34 51
40 50 40 51
2 51 2 58
18 40 12 55
6 52 6 49
21 50 22 56
31 53 31 50
35 49 33 54
39 52 39 49
45 52 45 55
5 53 5 54
8 64 2 61
39 59 38 61
53 53 53 54
56 55 55 63
2 54 2 55
27 54 27 55
35 59 35 62
42 54 42 55
50 58 51 52
3 56 3 57
7 66 8 66
49 56 49 57
53 61 52 51
15 57 15 58
37 57 35 64
26 56 25 54
29 58 28 64
30 64 29 62
43 58 43 59
14 63 12 30
19 62 21 55
34 61 34 42
52 64 51 62
57 58 58 50
23 61 23 58
36 60 36 61
40 60 40 61
7 68 3 63
59 61 59 62
5 63 5 60
16 60 17 64
34 63 32 42
45 62 40 66
1 64 4 50
21 63 21 64
25 64 23 67
42 68 43 66
17 67 16 67
33 65 32 67
5 66 5 67
10 67 11 65
36 66 36 67
46 67 46 58
49 67 49 62
38 64 53 66
19 68 20 66
26 68 27 66
68 63
282
4 5 1 9
9 8 22 4
35 1 36 1
43 1 40 1
54 2 50 9
56 1 56 2
59 1 58 7
63 1 65 6
7 9 9 10
9 12 17 7
29 1 20 1
59 3 61 2
2 3 2 4
6 3 6 4
8 52 20 63
28 55 25 59
33 2 31 1
42 20 43 40
44 4 46 1
48 3 48 4
56 5 53 5
18 4 18 5
29 4 29 7
42 4 42 5
63 4 64 32
68 1 67 1
13 4 13 9
27 5 27 6
38 10 38 7
68 5 68 6
1 6 1 1
7 6 5 1
13 6 13 7
18 22 23 6
25 6 25 7
36 55 39 9
45 6 45 15
53 8 56 14
61 6 61 7
5 7 5 8
11 3 11 10
4 11 1 11
18 2 18 17
31 8 33 11
36 12 37 14
42 8 42 17
48 7 46 10
47 9 48 9
56 8 56 9
26 9 26 10
15 10 14 14
62 10 62 11
65 11 64 7
14 11 14 12
30 22 30 27
62 13 62 8
21 5 20 19
23 12 23 15
29 10 29 17
34 12 34 15
59 21 59 24
11 13 11 14
19 11 17 16
27 16 27 11
46 13 46 14
53 14 53 11
66 13 66 16
31 19 31 12
2 16 2 13
43 15 43 16
59 15 59 16
10 16 10 17
12 16 12 17
21 21 24 13
34 21 35 17
54 16 55 16
64 16 64 17
2 28 1 18
21 18 21 13
24 17 24 22
45 23 51 20
52 18 56 21
7 12 2 40
6 18 6 21
10 19 12 12
40 18 39 20
47 18 46 22
49 18 49 19
56 18 56 19
60 18 60 19
4 19 5 23
7 19 7 20
17 21 16 19
31 21 32 15
36 19 36 20
54 19 53 19
57 28 57 11
61 17 61 14
2 20 2 21
13 19 12 63
55 28 54 22
20 22 23 10
50 22 50 23
58 48 66 63
64 23 64 20
68 23 68 20
11 24 11 21
14 24 15 22
29 23 29 26
27 24 27 25
33 24 31 43
21 25 19 26
38 26 39 24
48 25 48 26
55 25 55 26
4 27 4 44
17 26 17 29
42 26 42 27
7 28 7 25
40 27 40 28
52 21 51 25
63 25 56 47
61 27 61 28
12 28 12 33
24 33 25 31
66 28 66 19
1 38 2 30
9 28 10 30
21 29 21 30
28 29 28 28
43 29 43 30
49 33 49 24
55 31 54 31
58 33 57 23
33 31 34 29
39 30 39 31
41 30 41 31
45 31 45 28
58 30 58 31
62 29 62 40
67 10 64 34
3 31 3 34
9 31 9 32
29 31 29 32
46 25 48 36
52 31 52 32
15 32 15 35
22 32 23 32
27 32 26 34
30 33 30 30
36 32 36 33
56 32 55 34
68 30 64 43
68 32 68 33
7 34 8 36
23 35 24 37
41 35 52 15
42 33 42 34
44 36 43 36
1 34 1 35
32 35 32 30
45 35 46 35
51 34 51 35
53 34 53 33
62 34 62 37
27 36 27 41
52 37 53 39
67 41 66 39
12 36 12 41
14 37 14 34
14 50 15 28
20 43 20 32
22 55 24 24
38 36 39 36
60 36 60 37
65 36 65 37
10 35 9 37
16 37 16 38
30 36 30 41
38 38 40 37
6 43 6 42
24 39 23 41
30 38 30 39
33 39 34 33
45 39 46 37
4 39 4 42
8 38 8 43
18 39 18 40
28 37 26 40
40 56 39 42
52 41 53 41
57 35 57 44
58 42 58 37
67 53 67 34
47 40 48 40
60 40 60 41
67 43 67 44
1 41 1 42
21 42 21 39
46 41 46 42
61 43 62 43
32 42 34 35
51 42 51 43
16 43 16 44
40 43 40 44
47 43 47 44
6 50 6 47
2 45 1 53
22 63 23 45
34 45 34 46
46 45 46 46
48 46 48 47
50 46 50 41
65 44 64 48
9 46 8 48
12 46 12 47
28 46 29 44
37 47 38 29
38 44 37 54
51 47 52 45
17 42 16 50
27 47 27 48
40 48 40 41
52 51 54 52
61 47 61 48
28 50 27 50
45 48 44 42
4 49 3 53
40 58 42 47
45 54 43 55
48 49 47 51
65 50 65 47
10 44 6 55
41 50 41 51
60 51 59 49
27 53 28 53
29 51 29 52
32 51 32 52
37 52 36 40
24 55 23 49
44 52 44 53
13 53 13 54
18 51 16 56
32 47 32 58
47 53 47 56
33 54 33 55
51 52 54 58
56 54 56 57
8 55 8 56
10 55 10 56
14 52 12 59
18 55 18 56
58 55 58 58
3 56 3 59
14 56 14 57
60 57 60 54
64 56 64 55
18 60 20 53
22 57 18 62
29 57 29 58
43 57 43 58
64 60 63 54
5 58 1 63
38 58 38 59
48 63 46 62
51 62 55 59
61 59 62 51
20 59 20 60
31 63 34 53
60 60 64 63
67 58 66 56
2 60 6 59
24 63 24 48
30 61 31 59
47 60 47 61
52 58 52 63
8 61 8 58
11 62 12 44
14 62 16 61
34 62 34 59
58 61 58 62
11 57 5 62
