10
13 13
169 57 -168 -59 -283 -405 -274 -179 -72 -93 83 25 39
204 183 -38 21 -145 -156 -234 -75 -8 43 136 12 106
314 216 164 65 -74 -27 68 0 69 -6 191 44 161
402 328 166 207 2 123 619 498 622 84 277 131 166
539 413 293 357 412 238 745 639 682 204 336 193 241
424 538 338 417 307 739 810 903 -2144 345 380 -576 388
522 278 379 302 393 1009 863 956 906 390 439 332 -1181
567 412 444 1400 1358 1216 1116 1063 243 380 530 387 487
650 590 524 580 1452 1249 -744 1147 462 766 667 738 615
576 672 561 -819 1459 -791 1237 1249 602 509 359 883 717
1736 1589 -4113 1406 1349 1468 549 650 708 560 472 522 760
1707 1559 1602 1520 1382 1351 603 507 619 681 820 629 873
-5065 1265 1167 1269 1412 701 732 800 651 794 858 797 745
20 93 156 147 59
243 98 38 201 1652
143 34 168 51 628
71 159 110 21 769
21 142 51 36 525
146 223 104 76 791
196 108 32 244 162
38 77 85 13 630
232 136 121 20 168
16 127 113 50 520
67 18 244 106 773
8 178 126 121 157
174 252 224 205 1506
137 217 107 102 347
116 59 79 65 612
196 96 239 208 398
134 247 192 242 1204
126 31 165 222 60
77 104 67 94 673
193 111 217 51 452
244 219 117 94 1502
98 202 176 46 1609
38 206 118 13 676
97 27 69 132 166
117 125 122 113 379
28 192 16 244 1272
151 45 211 224 519
18 99 188 234 390
97 156 241 222 1448
134 141 21 134 688
79 122 164 38 774
146 47 152 224 799
237 76 99 236 906
236 83 167 165 224
125 8 11 243 334
184 195 191 232 459
191 171 93 23 105
126 67 213 182 665
134 237 135 69 1341
47 48 42 220 459
32 246 248 137 540
215 173 16 169 631
242 230 201 208 1220
152 236 52 87 747
50 32 122 220 711
110 143 155 171 284
44 23 177 43 258
110 118 2 196 218
135 204 100 198 831
118 174 133 160 136
107 107 205 170 1548
17 99 237 243 234
72 135 105 170 641
153 13 32 53 987
47 159 236 53 935
176 238 22 221 1330
164 131 160 35 41
208 121 31 107 104
20 41 66 121 69
211 245 6 172 1300
208 105 28 236 528
186 76 38 46 891
182 94 184 198 442
200 223 61 166 778
89 133 156 214 1652
148 36 15 27 576
231 91 20 107 15
100 43 114 227 1128
231 213 122 200 645
110 195 115 126 395
57 250 167 173 331
71 126 9 224 396
235 231 126 237 44
244 220 184 22 1398
48 109 35 130 68
31 167 52 45 570
213 168 163 30 199
53 47 46 57 662
222 117 67 200 1457
167 45 46 118 705
94 241 71 176 1414
184 79 85 139 712
215 197 161 90 517
141 173 73 105 607
112 72 224 237 1588
86 229 14 46 300
131 153 173 204 940
14 43 30 200 728
69 231 163 164 77
113 20 88 50 194
193 104 105 192 548
145 124 47 158 286
30 53 51 197 876
8 28 203 191 459
206 108 236 114 964
248 29 47 146 506
111 129 98 220 61
109 20 182 69 108
107 73 90 64 513
185 240 46 99 1742
161 143 233 130 365
167 224 111 192 935
179 55 97 166 1510
84 102 151 99 20
130 133 61 183 40
225 176 188 112 1579
106 109 132 88 211
13 211 214 55 1395
48 221 20 41 144
106 79 38 240 1803
61 173 179 211 451
10 55 110 29 763
168 84 2 131 139
99 25 180 145 215
215 51 131 31 499
227 174 217 182 483
135 188 4 21 1483
57 193 182 46 375
250 14 186 222 255
215 151 86 233 615
244 225 134 176 287
7 252 169 17 113
48 30 37 170 886
52 15 217 42 110
146 93 37 47 933
229 150 2 186 264
168 243 134 243 1561
116 31 219 169 712
252 114 201 135 1275
215 122 106 13 772
243 4 71 133 1457
44 204 135 232 290
69 235 252 50 63
148 52 71 148 701
104 142 55 203 622
158 98 122 237 309
204 14 215 131 849
52 27 12 169 118
53 206 134 164 993
197 219 236 34 694
28 238 69 230 260
208 121 151 147 56
186 186 149 237 136
113 191 10 246 798
122 164 137 230 688
169 123 85 25 292
123 235 52 82 190
230 146 57 237 610
196 99 136 148 339
137 189 115 94 524
134 201 59 16 750
135 193 61 52 453
179 83 143 71 266
121 156 155 236 163
189 131 86 9 429
51 169 111 99 894
46 47 197 76 749
247 114 8 127 318
213 177 20 102 31
178 117 96 18 348
188 176 6 42 1414
139 94 219 221 676
66 113 7 11 333
202 168 89 172 1658
102 64 130 131 446
224 206 122 236 825
43 173 164 208 919
129 192 239 113 439
77 106 221 183 33
5 9
-457 -421 -234 -247 -121
-309 -336 -191 82 -81
-180 -259 -143 188 67
-138 -69 -23 1 200
-85 35 67 144 277
825 870 720 292 390
719 646 243 357 496
750 883 767 422 572
875 930 819 866 687
57 62 39 2 338
12 60 46 31 332
53 8 9 31 78
35 4 11 42 171
24 58 2 12 313
19 9 59 23 776
39 12 36 17 428
4 67 53 37 16
40 39 57 43 113
56 36 17 61 254
54 67 34 52 340
41 33 16 10 149
10 35 67 12 178
2 52 32 41 29
62 13 24 2 109
33 22 17 67 272
40 53 14 50 994
16 10 46 40 288
7 20 2 41 884
19 38 23 44 1005
7 23 63 45 958
42 49 2 61 49
43 53 52 53 19
17 8 4 9 666
60 59 32 39 869
36 2 67 61 12
29 22 32 31 199
32 63 20 65 915
14 39 60 62 766
36 30 48 34 390
4 31 49 35 526
67 40 33 67 900
53 4 8 57 178
29 28 17 61 93
10 2 37 49 346
48 63 39 13 962
28 9 37 56 51
53 58 10 16 58
50 59 50 33 776
17 17 44 41 469
54 29 4 16 173
57 63 50 50 794
49 8 36 4 616
2 10 13 2 259
65 45 58 13 973
15 13
496 376 238 131 214 1125 980 905 777 645 462 543 443 233 282
316 457 347 241 300 1220 516 972 777 682 536 703 567 325 429
550 654 547 361 414 452 626 720 637 746 673 807 671 632 487
599 719 675 614 496 533 491 550 656 687 545 872 725 682 555
686 796 728 636 700 606 796 680 713 733 587 931 824 769 705
459 346 855 394 543 676 558 707 795 854 887 1050 1164 828 848
366 476 569 465 589 474 590 770 875 966 1028 1108 980 886 963
441 508 641 318 716 205 353 212 314 425 368 375 -781 147 1032
531 453 519 397 538 249 388 347 399 539 452 474 506 540 364
589 527 575 465 588 648 521 592 473 631 671 591 -1803 519 441
472 569 772 707 651 758 614 649 -373 713 763 632 742 626 578
607 606 833 590 739 798 680 794 709 747 857 780 886 679 631
710 887 945 680 742 875 712 843 964 868 953 867 734 751 751
209 184 227 273 627
183 93 15 131 1015
121 35 28 61 571
44 50 147 46 823
273 217 204 212 848
124 42 111 96 937
171 273 128 214 712
270 174 286 278 863
116 178 113 36 942
208 232 102 20 617
252 247 55 102 772
152 70 229 235 861
212 37 285 44 664
240 197 240 25 495
191 281 146 28 751
208 6 276 144 551
276 27 273 28 654
170 291 278 206 591
60 235 14 183 913
281 119 141 105 443
69 201 169 104 1101
289 22 199 18 835
211 117 30 256 500
206 240 227 125 427
278 154 144 27 574
271 15 25 106 926
90 288 93 289 951
95 247 35 164 434
292 28 16 198 785
39 132 247 1 534
206 238 135 27 581
9 115 219 62 1086
44 112 177 150 1115
94 91 198 291 739
291 261 192 133 668
77 252 58 143 355
40 148 47 20 746
186 183 199 74 891
86 168 272 177 482
87 128 212 150 400
2 207 196 238 598
152 71 53 237 978
121 36 29 220 906
244 274 59 48 489
153 106 278 22 1018
235 272 277 61 259
35 183 275 247 762
135 143 148 276 647
125 199 161 186 398
55 148 150 40 780
198 14 41 185 768
187 121 14 85 641
244 223 186 238 412
94 185 142 214 879
27 15 199 220 534
200 2 10 171 772
102 235 128 215 335
274 258 114 151 635
15 76 96 202 829
208 80 128 14 412
69 209 86 7 507
57 289 43 277 339
263 127 112 288 960
106 184 29 104 1096
274 206 276 272 437
113 42 43 85 141
105 88 217 42 786
212 19 237 165 467
56 259 28 125 690
52 7 97 218 1043
154 66 28 215 593
157 148 275 223 833
37 133 90 258 630
240 218 209 178 403
223 166 106 114 781
256 215 86 174 719
43 185 178 139 648
62 100 95 102 1149
66 185 51 91 904
284 135 74 75 716
26 252 219 181 528
216 48 186 57 707
49 218 140 291 389
15 230 221 151 688
275 186 115 186 983
153 83 94 186 951
31 70 117 202 879
180 29 280 115 716
91 227 209 76 710
186 17 73 240 832
117 77 107 271 796
124 83 154 209 539
192 10 1 19 657
86 133 204 196 628
197 223 11 244 732
133 108 114 146 1102
44 60 10 256 723
233 115 222 288 754
265 53 170 186 800
150 131 178 276 706
14 61 73 275 291
51 116 90 177 526
131 157 48 229 716
194 79 233 97 581
14 48 192 124 576
15 115 161 75 588
76 82 31 26 823
45 197 57 109 720
166 45 103 71 942
275 168 133 232 498
280 275 148 50 796
275 77 264 177 751
50 7 286 247 668
211 112 81 8 626
210 33 140 112 763
223 281 114 116 739
266 32 1 284 719
119 211 270 22 302
166 132 65 236 627
10 82 69 286 647
215 281 26 172 486
191 217 1 28 883
237 185 230 117 806
159 199 286 239 750
25 17 14 273 611
128 271 273 192 562
185 108 201 7 1026
105 196 272 8 635
27 188 239 211 743
284 199 184 278 686
216 221 41 61 649
239 249 244 207 152
214 46 44 44 576
198 31 60 46 805
96 40 121 276 792
87 192 240 77 448
238 141 206 1 430
167 284 88 289 766
77 214 156 148 988
178 27 272 244 749
44 204 28 28 740
198 53 198 113 837
180 90 79 97 506
249 117 104 113 783
275 189 159 82 895
153 93 44 165 1025
43 158 272 73 429
40 102 248 209 208
210 239 99 259 864
189 286 50 166 768
50 72 236 222 757
66 26 16 114 867
64 111 191 99 847
248 42 91 128 685
133 216 244 83 509
131 107 185 47 894
90 155 50 41 814
237 206 22 106 394
265 115 276 66 632
79 163 264 180 600
235 285 274 212 941
46 14 263 41 720
116 40 64 188 736
13 155 18 8 755
33 56 197 278 650
288 65 91 180 412
95 171 51 158 1275
117 281 81 218 531
217 52 192 177 1194
9 136 289 90 427
71 60 47 291 848
22 247 151 191 641
153 9 40 97 979
35 249 217 220 684
80 47 58 281 570
22 292 147 13 706
77 239 200 142 818
289 99 104 95 1242
187 139 248 164 594
9 91 39 195 337
261 185 208 83 562
240 125 32 73 788
185 248 271 77 532
53 154 30 49 302
196 249 252 133 734
20 103 76 167 1081
247 8 159 212 750
239 86 204 235 674
171 169 133 223 574
7 269 159 83 1214
217 127 155 269 1137
82 155 14 77 1078
77 94 189 29 833
72 156 256 189 875
266 76 109 240 977
7 12
923 892 996 1045 1085 935 1010
-194 -248 -181 -40 1120 1078 1046
-45 47 145 90 1169 1140 1173
269 133 199 258 195 144 11
409 315 273 332 275 241 144
357 255 398 -276 423 347 364
515 369 453 510 442 411 485
591 492 387 531 569 467 606
661 563 428 570 667 553 705
589 671 572 759 806 617 758
785 787 706 585 841 815 878
884 920 756 654 1099 1137 991
89 41 80 52 182
105 55 81 49 1057
51 90 4 48 1077
57 55 122 120 883
20 123 78 21 810
29 57 90 39 1258
20 23 98 61 486
103 19 104 67 878
88 68 6 57 1194
41 63 26 22 229
102 23 113 76 682
69 30 30 48 1045
57 21 69 113 636
34 41 101 12 1167
45 74 47 41 408
20 78 79 53 633
39 3 85 43 329
107 32 108 95 557
97 80 6 22 901
5 28 100 21 820
94 120 92 38 741
9 77 83 30 558
3 83 44 28 909
116 122 23 79 793
32 11 58 59 1181
112 9 43 93 391
93 100 72 6 750
86 79 85 88 119
20 93 38 14 657
107 41 86 69 170
59 68 55 52 1302
52 45 117 44 124
76 111 97 64 801
79 59 123 54 685
83 112 41 85 1055
38 113 28 62 1144
89 34 85 55 1083
39 13 57 83 739
51 64 40 92 645
109 39 113 7 459
121 103 49 16 1013
85 51 28 45 1196
126 89 18 53 497
12 32 44 73 44
84 3 43 91 534
39 29 70 76 155
21 42 57 69 1029
26 93 39 52 165
83 89 59 69 667
21 4 6 58 1170
57 19 5 109 470
126 54 14 101 583
72 44 45 123 915
99 105 67 79 867
39 37 49 111 716
5 109 47 22 410
121 49 97 113 466
91 33 78 119 487
19 97 47 30 549
77 32 89 68 562
39 47 107 102 548
39 99 51 88 180
100 42 11 101 1144
80 49 121 38 777
21 7 122 39 613
113 40 22 123 884
121 12 79 88 996
22 37 5 83 590
98 23 18 107 474
49 33 9 107 337
89 43 12 79 97
5 108 9 39 114
55 69 79 76 936
109 102 112 63 364
51 122 99 102 831
22 80 100 117 246
93 98 4 99 347
98 93 76 20 249
4 95 22 112 338
112 74 55 51 332
68 101 121 22 708
116 104 95 13 697
84 78 121 59 577
107 85 73 100 95
6 8
602 660 774 666 570 -155
809 768 838 943 -48 -121
958 250 193 -57 22 148
65 156 257 226 130 183
169 251 213 278 238 167
282 384 -23 384 283 426
410 149 18 463 409 537
477 801 693 803 552 637
16 57 54 52 932
52 11 14 56 677
65 34 1 58 919
69 16 8 54 624
23 8 37 16 749
36 53 3 5 399
16 16 24 20 570
25 56 44 4 172
45 19 33 63 86
27 18 37 44 285
23 47 12 54 1013
4 29 21 45 577
37 4 23 1 791
31 37 22 33 226
36 12 27 63 70
14 24 18 29 730
34 28 46 27 408
26 46 12 18 499
59 43 28 24 478
65 59 21 6 701
27 7 26 36 300
55 23 51 8 117
58 8 57 18 898
21 20 34 26 503
62 22 18 8 81
54 8 40 45 32
36 27 66 36 299
20 40 31 39 319
53 45 47 4 871
47 2 9 51 218
26 53 39 44 257
21 16 18 67 675
53 20 25 1 1064
56 24 53 72 879
43 58 55 12 598
39 28 23 56 279
66 26 21 26 411
16 49 18 36 230
47 69 63 10 12
31 52 36 15 231
3 6 62 9 449
22 20 54 21 253
28 15 7 54 358
26 23 20 6 384
24 29 16 40 823
16 26 7 63 367
21 62 5 2 448
22 49 27 10 124
5 13
-83 83 29 -102 -83
8 -34 99 -14 59
191 113 147 118 182
259 233 121 260 292
368 323 257 169 100
494 425 293 227 184
615 490 347 297 198
742 -1691 -2032 845 976
783 746 830 945 375
896 877 1023 1169 496
854 929 845 422 570
0 1026 943 488 380
137 283 350 555 424
65 4 14 41 248
9 73 30 6 122
41 5 40 64 381
9 52 75 87 610
54 56 48 6 179
32 22 27 68 533
37 88 27 16 593
61 78 3 52 397
20 70 65 62 329
78 70 53 14 468
48 41 59 55 155
44 73 51 85 283
54 62 4 92 216
25 77 27 53 621
40 51 43 62 364
22 87 17 51 669
50 6 66 97 16
55 41 78 51 226
65 59 37 37 111
27 50 12 81 754
79 25 32 56 545
57 92 55 62 163
80 57 23 64 987
56 51 69 30 56
52 23 69 19 490
20 37 61 25 403
40 52 59 21 886
71 78 45 21 955
53 50 45 13 90
17 40 16 9 216
29 74 96 61 436
82 47 34 78 318
6 96 9 57 305
32 16 51 90 501
78 50 16 86 1111
69 73 93 69 1009
7 50 56 52 839
37 77 20 46 238
65 91 41 15 44
80 91 53 68 940
20 50 78 7 1018
22 38 47 3 470
61 48 73 73 286
65 61 92 16 378
52 82 14 55 373
25 84 5 37 656
7 73 38 73 314
81 85 17 74 225
38 3 37 43 406
78 16 46 9 30
80 19 20 59 872
77 72 80 56 146
64 70 37 50 336
22 14 81 79 639
69 57 12 3 965
80 55 19 58 881
53 37 91 32 175
86 71 78 91 1057
12 58 72 61 154
88 41 78 80 1086
64 9 32 45 1255
13 51 92 37 142
7 21 68 21 1026
66 69 45 67 59
55 45 53 50 1118
10 14
523 -1562 -184 117 -146 -196 -249 -103 -156 -206
575 701 839 -250 -107 -44 84 27 -122 -29
620 -1929 788 667 -5 -641 161 165 51 91
724 761 840 761 75 143 258 237 219 256
763 851 970 1069 139 184 328 386 -211 395
875 923 515 574 627 304 365 476 441 532
409 543 -1817 726 542 405 536 584 550 461
495 78 686 599 673 537 608 672 546 496
325 215 364 632 -1512 -281 615 740 593 738
198 275 188 134 263 -1495 839 712 649 773
223 -951 280 172 645 570 633 595 714 819
308 430 538 645 688 888 752 740 758 895
-1069 495 606 961 889 757 817 887 787 1045
477 554 480 815 937 969 892 918 844 1175
62 62 114 65 434
124 31 67 12 6
93 112 65 176 889
19 86 67 52 52
174 141 73 134 748
62 134 129 171 424
174 131 210 142 841
26 23 80 66 573
110 171 71 78 315
16 58 57 116 257
161 187 107 124 861
52 141 156 45 1
208 174 101 141 946
156 51 75 65 619
197 66 179 60 16
95 116 37 204 509
98 101 57 96 367
74 82 131 21 846
111 81 12 164 118
186 61 34 63 1069
19 120 142 174 831
118 135 203 71 534
22 188 120 161 860
93 129 162 150 269
29 71 143 158 795
39 19 207 170 912
51 99 26 120 96
130 96 82 30 76
196 155 107 144 726
195 99 170 24 40
22 36 45 180 1041
7 141 123 108 747
201 12 171 197 831
207 16 173 169 84
33 184 150 196 207
120 26 159 137 150
208 176 174 16 997
71 165 29 156 632
71 34 32 17 987
107 14 156 126 774
31 109 108 141 176
189 37 101 150 321
29 6 32 112 911
22 186 131 120 553
104 19 78 145 288
134 111 40 68 483
205 23 15 110 625
122 136 99 130 101
161 29 207 150 733
127 11 124 185 201
126 86 125 101 604
28 99 189 65 126
36 137 28 172 640
210 2 69 123 846
185 81 157 65 186
137 92 139 49 1268
110 89 97 195 367
107 157 43 30 481
6 130 112 2 268
98 6 7 18 337
82 58 181 114 385
73 69 14 101 732
30 69 41 181 232
29 62 193 44 71
35 2 66 169 148
150 130 6 209 771
174 123 142 134 713
40 156 180 136 641
25 174 188 107 999
74 92 23 146 909
29 176 29 64 799
115 113 180 143 717
161 38 30 110 697
141 106 113 99 667
43 51 194 112 412
206 62 195 131 434
61 180 114 112 946
142 153 136 106 443
142 7 150 63 948
134 125 63 155 1032
14 100 197 130 699
97 127 69 110 311
188 172 45 120 1053
126 144 122 71 123
117 65 79 110 520
58 172 30 20 476
199 17 150 18 379
144 14 196 41 339
63 63 156 69 861
63 153 33 169 1164
128 38 209 64 768
209 164 86 10 66
17 130 19 143 880
153 178 71 93 175
99 157 14 15 621
174 202 43 146 978
195 159 125 110 587
198 178 158 39 188
34 5 71 180 904
134 95 162 74 665
184 132 44 153 155
39 174 117 14 686
8 108 162 191 634
93 141 172 115 988
36 16 198 99 61
171 143 65 78 772
5 142 156 86 758
142 7 71 107 688
141 16 82 41 695
115 12 180 130 666
142 2 82 43 933
178 193 60 145 299
104 179 14 108 182
178 207 197 62 29
136 41 74 123 120
134 196 30 16 284
148 148 75 135 618
120 7 202 209 923
33 30 65 17 605
16 71 8 26 800
8 100 187 19 777
131 110 62 71 470
153 155 162 68 362
148 71 130 78 591
45 58 116 193 991
156 14 2 186 102
82 39 107 114 682
139 21 25 20 1105
24 29 125 86 118
132 153 71 71 802
51 111 206 203 536
176 114 193 196 803
143 114 69 65 354
134 34 201 8 770
144 16 131 169 633
159 191 204 99 788
62 99 199 118 580
150 45 101 155 803
11 89 19 109 308
29 165 148 199 501
11 9
107 229 337 299 384 -1374 583 266 139 185 115
454 455 517 373 474 608 443 355 492 611 512
519 585 617 569 511 685 483 677 592 647 727
657 657 692 634 661 403 468 547 668 703 743
808 705 854 695 721 435 535 695 742 762 169
957 742 947 219 155 550 786 735 289 224 260
989 812 1060 155 222 371 302 270 333 400 351
1074 935 338 416 336 491 184 405 540 494 525
1160 1043 258 176 71 183 294 381 462 573 571
136 134 144 86 770
69 61 123 134 759
45 50 124 108 396
85 123 42 6 672
22 79 18 89 413
145 74 78 65 365
144 65 73 113 329
63 88 142 53 647
50 39 57 98 562
51 100 79 32 391
61 145 36 76 607
9 73 69 39 250
11 103 91 42 386
23 145 72 46 424
42 101 55 109 822
112 142 48 103 298
137 22 9 113 816
55 64 78 43 785
38 43 138 65 807
141 120 72 61 579
122 144 110 125 608
7 73 84 9 905
18 112 92 145 464
141 46 134 147 815
91 129 88 62 801
101 62 94 109 769
36 72 146 131 616
117 23 109 144 298
1 71 63 98 238
46 21 138 38 736
48 86 46 111 907
144 128 65 33 803
129 123 44 90 350
2 61 95 52 613
65 95 42 107 458
113 75 125 86 146
105 143 6 61 552
61 67 54 123 579
115 16 126 133 772
109 113 27 64 682
69 18 138 35 341
38 33 135 109 885
39 33 127 53 1137
63 38 127 124 339
95 18 107 61 587
56 147 34 143 747
128 106 144 33 269
143 76 90 44 653
59 9 45 7 1172
85 34 136 63 724
18 140 116 134 1115
90 122 7 69 701
147 59 35 29 117
36 117 138 138 455
78 73 29 52 460
1 134 38 84 101
14 65 75 50 256
142 95 31 54 497
43 5 14 146 211
59 108 100 42 218
32 119 115 59 806
119 111 137 66 788
56 11 135 109 283
38 56 51 70 281
99 94 61 72 670
28 134 57 35 439
44 142 18 108 505
108 33 134 73 1083
104 104 79 87 611
46 133 27 104 762
123 60 48 67 161
113 59 22 46 1094
76 18 65 46 270
91 105 88 87 808
112 56 64 53 513
49 15 23 104 570
76 63 53 144 573
59 117 24 90 447
89 88 143 118 493
42 56 28 138 523
145 61 88 24 826
120 79 113 99 501
99 113 142 5 1004
48 32 134 63 770
78 45 33 21 767
64 23 84 110 497
142 84 116 20 1129
131 50 36 46 702
99 5 16 66 934
78 133 36 38 718
145 59 3 43 349
15 59 92 59 656
2 35 49 88 647
18 39 1 138 1208
125 78 36 113 570
31 69 59 2 637
56 91 120 120 461
53 123 103 112 473
94 123 2 133 661
9 7
168 62 364 549 465 604 745 643 68
254 366 469 625 546 688 -1512 459 199
325 350 606 728 591 759 93 243 274
387 420 953 826 705 410 -747 -199 378
517 804 729 834 740 447 401 446 447
555 415 917 948 871 491 442 517 574
657 552 479 989 1018 640 478 601 617
61 17 2 73 563
37 70 6 38 282
4 78 61 2 472
8 48 13 4 1068
56 26 91 62 134
5 52 24 75 399
31 90 61 37 462
50 40 78 91 328
50 73 36 62 647
27 84 9 78 486
86 94 22 82 752
9 57 71 72 463
22 8 3 26 662
92 68 13 59 462
4 69 78 78 339
3 76 69 50 503
76 23 39 56 698
54 75 23 76 669
16 61 87 56 621
82 77 13 35 836
65 17 53 19 547
58 43 9 47 978
75 22 66 73 777
87 21 83 8 629
57 74 56 22 583
37 72 15 86 375
93 9 20 60 966
17 45 58 22 780
54 43 35 51 941
88 9 53 19 496
22 36 75 92 696
35 9 14 27 670
40 36 56 17 695
4 65 67 62 61
15 94 60 88 611
78 56 84 64 192
8 54 45 23 858
67 34 55 92 757
67 53 67 28 488
8 20 17 17 674
75 66 56 28 820
68 58 59 75 521
5 13 70 59 107
58 67 84 82 1013
3 23 47 54 1129
68 29 62 58 746
40 4 2 37 409
86 24 6 68 324
37 92 40 51 487
29 24 48 27 630
74 36 32 22 604
74 11 77 27 895
48 17 55 51 893
1 54 93 86 1157
21 73 90 93 480
66 14 67 23 549
58 45 8 40 740
4 11 9 51 460
54 34 9 20 771
74 15 53 16 566
18 90 35 3 719
23 50 27 36 584
56 78 90 26 672
11 11
-63 -6 86 -312 -278 461 -252 -71 -215 302 -190
131 91 130 221 -183 -176 -133 -30 -158 -64 -69
366 331 -144 278 -105 -134 136 84 -63 -12 44
546 435 338 -46 4 -153 168 -1 -65 40 166
481 551 449 86 37 -63 899 955 816 748 699
543 467 513 203 76 198 -658 1020 970 844 752
636 822 619 336 231 254 286 1112 980 906 828
-458 861 734 412 538 337 436 478 376 445 -2662
893 768 806 674 592 482 422 570 459 429 532
679 823 961 863 649 558 467 577 676 823 912
814 873 1042 983 895 753 605 672 635 882 986
148 80 30 147 575
164 6 4 27 1009
147 25 41 77 820
37 37 87 6 547
100 152 80 156 723
91 109 112 88 876
159 135 6 98 700
6 127 83 176 540
28 15 180 15 364
34 83 1 27 696
169 136 43 176 1019
51 158 159 136 26
8 158 90 60 16
64 180 97 80 967
34 91 43 75 778
122 82 58 143 80
39 72 78 111 213
179 65 41 46 166
174 102 149 155 665
129 125 63 42 1109
23 138 4 90 390
37 129 87 111 534
3 60 27 9 861
170 95 19 158 1066
116 165 138 157 420
79 158 130 96 162
1 49 164 10 1126
72 63 132 98 608
64 97 1 110 1127
16 104 41 42 923
170 140 134 134 280
13 71 73 152 37
147 58 100 59 17
167 163 9 111 789
73 108 143 11 38
130 98 167 78 30
37 125 86 147 1100
46 180 90 49 342
117 149 43 110 463
159 170 26 97 845
29 97 54 93 861
136 140 77 127 156
168 148 140 149 711
13 2 102 90 430
122 128 19 7 171
27 61 13 15 40
145 82 49 34 612
27 166 39 6 57
95 1 79 90 86
45 134 49 90 79
153 128 108 70 27
91 53 173 90 278
88 49 20 161 791
42 50 11 147 221
42 149 179 42 162
50 87 133 152 236
64 65 40 61 231
31 40 79 78 104
35 58 87 86 978
147 1 72 34 534
155 6 102 99 574
147 129 176 49 406
43 161 23 121 517
10 60 109 29 1003
25 97 35 129 952
13 37 82 11 1237
91 161 13 140 173
171 46 158 154 53
105 7 59 66 10
3 179 76 112 827
15 41 18 46 279
111 14 100 9 741
95 135 70 71 183
26 99 135 1 645
123 166 28 171 40
123 35 133 115 90
43 165 87 89 263
85 49 6 117 475
152 5 127 31 716
170 132 111 37 755
18 64 168 130 266
132 135 2 127 536
115 165 159 39 21
13 91 116 53 312
58 73 89 42 113
80 138 20 17 769
58 59 127 104 15
111 4 40 111 876
140 51 37 13 256
72 132 43 80 571
180 152 23 135 691
63 13 14 54 1114
29 34 152 110 895
42 179 163 156 945
132 138 60 6 563
140 34 17 70 875
49 76 179 70 974
165 89 145 79 473
6 79 179 85 170
179 37 78 146 653
158 13 104 6 122
132 23 75 69 633
110 7 130 6 273
89 91 171 11 430
147 170 146 54 838
12 8 66 108 55
39 58 29 22 945
131 31 87 109 930
35 154 1 13 48
121 173 157 69 608
144 82 105 60 17
174 26 30 100 618
176 73 16 54 1055
80 131 19 2 980
57 127 61 104 181
136 100 144 49 27
109 179 20 158 1024
60 79 27 72 488
1 5 14 63 662
4 43 57 161 328
169 14 171 37 66
