8
21 30
2858 1204 1025 1325 1522 1740 1593 1828 1387 1580 1370 1850 1594 -1041 2080 1992 2243 1912 2094 2002 1812
3074 2897 2606 2744 2593 1929 1826 2092 2210 -4950 1751 1965 1849 1400 2242 2110 2401 2185 1999 2152 1865
-7907 3041 3234 2944 2820 -7369 2453 2624 -6602 2061 1870 2207 1959 1686 2507 2360 2528 2336 2625 -6568 2479
3043 2956 2680 2907 2774 2989 2751 2543 2381 -6367 2159 2444 2681 2967 2674 2784 2577 2479 2799 3051 2935
-9567 3564 3198 3071 2894 3119 2978 2696 2663 2456 2339 2238 2960 3246 2858 2683 2795 2766 2911 3156 -8638
735 3781 3481 3257 3080 -6316 2369 2567 2784 2207 2447 2339 2163 2426 3106 2845 2733 2973 3614 -9424 3171
894 1503 1713 1062 1244 2492 2534 2860 2688 2463 2624 2468 2338 2047 3373 2949 3012 2864 2993 -1733 2620
1011 2144 1871 1561 1533 1759 1859 2078 -6118 2637 2863 2627 2631 2210 3619 586 365 3114 3243 3474 3591
1264 2379 -5894 1827 1649 1776 2108 2221 -1480 2422 2142 2032 -417 2477 3881 3746 604 637 873 727 988
1401 1575 -1058 -1209 1864 -5560 2303 2406 2672 2538 2357 179 298 161 -49 875 762 822 579 957 1113
1613 1754 1917 2141 2922 2280 2481 2631 2835 2989 481 692 426 676 559 1062 961 1082 846 1110 1249
1880 2457 2207 2577 3044 2894 2615 2811 3062 1935 2156 932 667 929 826 882 1119 -2531 691 1039 1367
2277 2610 -1500 2780 2662 3058 2832 2572 2272 2148 2040 971 893 -706 1206 1608 1346 1143 -2738 1168 1480
2455 2558 2724 2982 2848 3326 3055 2896 2568 688 509 1237 1076 1182 1431 1395 1637 1396 -3514 1454 -4712
2854 2656 2914 3101 3332 3591 3344 3018 2797 2680 788 -3012 1283 -4589 1285 1573 1833 2007 1978 -1023 1464
3092 -7859 3022 -9262 3480 3878 3513 342 629 1671 1522 -716 1469 1761 1507 1711 1920 2123 -5426 1925 1727
3293 3045 3322 3455 -10542 -2055 509 570 842 1828 1670 1440 1169 -591 2504 2352 2126 2272 1908 2067 2309
-318 -472 3573 3709 596 836 1354 1160 1036 1163 1339 1609 1365 1136 973 2916 2710 2440 2206 2319 2495
-22 -261 3865 750 836 687 1507 1438 1735 1270 1448 1728 1593 1841 1975 2197 2471 2210 2410 2574 2779
236 31 -148 860 1002 976 1092 1983 1722 1482 1549 1834 1596 2116 2203 2435 2674 2448 2697 2691 2394
401 676 965 1047 1126 1229 1443 619 988 1535 1848 1617 1763 2355 2419 2634 2929 2681 2440 2694 2930
700 -1472 -3441 1204 1390 1349 -3012 862 1139 1764 2023 1850 -44 2424 2536 3437 -8842 2901 2682 2876 3100
932 715 993 825 1520 -4275 1692 1048 -790 2075 2235 2062 104 339 197 663 -1486 525 2814 527 231
1090 880 1196 1331 1637 1700 1807 1602 1526 2347 731 2281 915 630 820 900 814 635 799 667 459
2031 1109 1381 1575 1881 1492 2055 -1045 1772 748 -2752 898 1082 782 994 1186 1043 685 957 985 1095
2164 1872 1576 1875 1615 1723 1541 1998 2144 1487 1245 1040 1234 1025 1241 1454 1203 914 1206 1257 1385
2336 2088 1828 2021 2154 2094 1804 2245 2405 1333 1438 1275 1541 -3589 1406 1748 -3945 1515 1367 1544 1833
2079 2233 2020 2293 2440 2211 2318 2062 1614 1839 1542 1476 1654 1498 1628 1873 -4538 -4919 1513 1250 1426
2726 2470 2729 2443 2677 2457 2363 2614 1747 1633 1740 1705 1896 -988 1801 2049 1931 1689 1333 1487 1714
2898 2617 2955 2783 -8229 2801 2534 2872 -5485 1836 2092 1842 2086 -5168 -1498 2290 2164 2038 1476 1612 1743
51 490 269 485 2010
359 484 476 12 240
112 289 429 257 1762
485 20 137 121 2715
320 150 374 79 1811
20 197 427 326 2354
354 495 470 475 1694
153 442 462 436 3236
100 9 381 148 3182
197 433 111 495 2963
23 150 143 154 1465
87 309 219 149 3037
12 336 170 441 941
479 453 404 72 1504
267 82 131 130 1832
321 16 143 345 2995
403 212 387 112 2005
11 468 271 443 2504
278 352 422 107 950
437 196 20 77 1722
117 503 435 163 2913
280 12 381 306 2259
186 12 66 180 2203
36 443 136 222 2266
100 484 130 399 1398
171 90 46 321 3831
485 45 274 433 2987
443 27 128 219 2863
270 277 173 200 1552
138 8 467 14 2319
460 83 73 285 52
79 119 458 13 1595
366 395 198 182 2302
458 458 283 361 1793
467 158 34 279 2885
101 240 377 306 3253
196 178 453 220 3528
194 379 390 413 2755
129 313 290 316 3007
377 345 476 195 987
305 329 89 297 362
125 445 190 143 2923
451 85 91 288 1560
200 32 451 437 1975
436 407 276 129 831
362 381 372 172 849
128 46 128 74 1672
33 194 438 442 3035
276 107 384 388 1534
141 435 424 283 944
233 125 266 36 2832
70 25 391 487 2503
391 173 107 74 1298
203 449 86 367 2062
403 81 415 325 2419
365 378 228 210 2023
311 151 325 450 1606
88 156 309 374 1805
204 129 390 357 3466
402 188 312 69 2546
487 282 62 36 2961
392 468 2 326 2558
403 222 272 197 2170
275 440 221 152 548
301 461 41 72 2253
313 11 228 96 2682
320 255 337 362 3868
431 205 107 473 3341
434 246 352 372 2016
29 129 31 412 3762
378 501 163 23 2917
476 377 404 214 1913
400 40 424 145 1861
414 435 111 16 2710
221 303 153 418 412
123 246 199 182 1930
109 223 84 407 1979
108 152 468 268 2023
444 71 14 165 175
118 100 491 346 2495
10 61 252 320 2659
303 268 128 483 687
372 468 10 102 1776
210 460 42 355 2946
95 137 128 96 793
485 133 409 106 1328
71 12 20 268 2040
381 269 266 246 1899
289 444 336 345 2627
67 54 325 240 1244
254 243 48 306 3078
408 271 110 65 549
169 157 215 334 400
178 218 205 189 2416
169 398 243 265 3267
276 95 456 458 965
415 422 46 365 2704
323 471 314 409 1267
229 128 198 83 473
247 140 87 234 2904
161 61 182 400 1549
268 102 325 411 1850
303 349 379 262 299
458 172 78 119 1855
306 63 27 97 2899
301 67 155 475 1969
205 407 96 182 2476
445 190 135 328 911
279 268 125 351 609
27 206 102 495 2895
169 453 302 19 3049
371 345 50 223 3238
227 435 295 35 1238
155 353 407 154 2362
257 334 403 379 1837
8 139 322 455 1274
203 44 327 456 3712
214 488 16 301 2473
390 326 163 220 3126
195 100 113 437 1655
170 195 32 213 3250
262 102 417 316 1617
8 42 282 389 2945
444 46 427 4 1179
266 424 34 301 2757
45 381 377 160 1362
379 157 454 118 2036
162 350 51 228 2380
318 325 250 434 2653
457 423 303 86 1073
125 485 352 24 2586
213 154 479 441 224
178 92 252 438 3343
311 205 499 7 1771
164 456 387 450 2841
477 45 456 2 267
43 96 405 277 1447
206 76 204 1 3133
154 95 327 99 1645
89 189 42 235 2663
198 47 130 36 2640
434 11 143 252 1146
192 137 11 222 902
219 313 445 361 3104
223 80 153 451 2358
74 170 2 118 3072
43 271 239 322 284
226 162 194 391 2357
92 434 71 339 1452
302 500 59 270 1091
37 268 61 68 580
262 112 209 197 315
6 450 42 297 3178
174 451 480 464 1853
294 222 79 133 3442
8 327 400 177 385
213 261 399 458 881
405 166 276 24 718
493 207 71 212 509
379 307 142 187 1726
256 333 38 466 1679
187 238 91 473 3326
113 152 35 402 1586
324 153 151 463 1144
87 348 209 491 1503
261 229 409 44 4125
296 272 147 195 380
49 220 156 38 3887
356 201 366 24 1108
233 60 339 330 764
406 270 395 448 743
358 189 456 193 1182
214 77 30 284 2583
478 279 56 385 2298
87 214 147 438 1855
166 463 207 501 1574
235 201 255 235 706
90 8 156 81 1590
133 358 96 133 1229
80 279 305 38 4136
245 436 145 309 1261
468 117 178 393 2054
4 415 8 243 558
246 54 130 21 1581
105 154 327 214 2013
474 149 210 260 3023
228 85 33 93 2949
46 239 264 305 1091
186 182 303 80 2966
254 131 222 303 3504
190 401 399 132 2786
470 164 284 219 2785
364 355 366 24 1084
178 29 71 373 2208
58 355 325 349 3082
194 379 316 86 2998
172 130 300 470 291
342 253 135 183 684
230 90 483 21 2345
314 320 260 313 3154
242 92 444 262 2197
309 455 57 59 1979
314 190 315 183 932
443 306 455 457 2824
349 290 316 71 1173
399 203 408 24 3938
250 126 446 302 831
325 346 446 125 2729
165 285 17 174 79
322 246 309 424 2806
373 352 410 121 2755
102 185 67 59 2533
71 46 205 339 1628
388 480 464 399 2653
442 49 358 462 705
466 492 483 56 1806
457 279 103 199 78
221 168 466 144 2834
111 427 102 354 2682
469 105 454 164 2323
69 90 186 473 3452
69 172 46 133 2301
40 150 450 246 1934
407 389 396 258 1226
494 150 446 385 2050
359 400 258 440 1094
451 35 409 84 2761
138 212 483 88 2381
131 490 17 4 1012
32 71 78 489 1761
306 142 493 375 1933
426 182 138 85 1705
326 219 151 475 1413
474 132 167 160 1214
479 409 23 303 2703
263 86 502 279 3029
420 339 178 398 3368
128 222 92 259 1692
450 400 129 113 3173
186 201 304 279 2379
366 404 406 34 1720
128 304 88 423 1491
307 312 26 253 2103
389 243 32 173 1945
434 281 325 379 1656
71 137 367 170 1528
407 295 315 53 1347
194 59 135 471 1080
155 423 74 298 2455
325 235 116 266 3380
492 321 192 180 735
157 11 396 424 2259
61 59 369 142 2258
381 441 391 143 2182
65 203 139 15 2242
426 81 352 253 2181
418 147 190 261 2926
188 393 348 390 1251
303 194 455 243 2896
177 412 388 172 1357
440 293 302 130 1223
11 187 236 369 2039
9 2 203 502 3337
154 362 70 266 2883
399 373 328 345 347
204 259 407 105 1429
108 10 146 48 2918
437 244 112 210 1861
21 382 350 283 2217
74 325 16 317 2798
195 53 143 128 1566
388 12 185 326 1107
241 141 212 42 2705
363 479 258 41 2391
408 113 358 197 3602
457 33 170 464 2834
306 170 250 4 2885
381 276 197 390 2317
134 24 260 400 1617
403 409 435 266 1745
313 159 92 17 3552
328 133 328 268 150
381 352 296 388 2559
347 36 366 303 804
141 407 401 315 1252
62 352 414 131 2808
232 30 86 289 1124
134 318 39 439 1089
335 70 432 18 1659
117 165 502 199 2148
404 195 317 178 3025
170 127 8 50 3038
221 160 362 322 1286
275 322 420 105 3016
440 421 185 72 2223
423 410 432 441 1352
497 59 44 391 859
270 442 394 487 256
436 113 456 438 3454
376 350 85 497 2246
212 88 379 249 2597
102 279 288 492 3333
342 96 369 275 2420
180 333 180 438 2345
45 239 173 339 1219
502 23 82 14 2598
146 273 364 63 2832
213 189 485 478 1047
32 375 363 438 2625
110 166 466 298 2998
224 150 283 133 3615
12 77 44 270 1022
299 90 173 498 1660
153 252 304 170 2966
137 8 225 139 2395
108 93 490 342 2222
224 153 201 42 628
10 350 254 446 2523
316 357 66 440 2828
381 138 246 205 2199
345 480 329 39 601
243 285 35 117 2785
503 284 8 187 3175
79 332 472 210 1210
209 235 215 434 3597
432 205 137 166 1124
404 69 33 122 3212
289 299 163 355 1326
39 499 242 477 1481
131 409 105 453 1667
320 15 70 273 2835
177 194 433 161 1403
30 396 59 130 2325
404 443 406 269 1886
225 38 317 109 1990
333 28 212 404 2817
85 99 131 26 420
449 262 86 466 948
235 48 67 309 1875
230 68 450 212 2632
324 265 338 288 2376
449 50 190 132 3110
392 387 13 37 1968
243 440 49 384 2423
425 437 137 2 2774
182 93 23 109 2555
2 347 355 439 1201
467 132 472 34 1768
443 246 499 4 3066
59 464 201 438 2199
271 293 198 302 2353
377 328 169 429 1997
154 259 173 444 1363
334 388 48 408 1733
335 136 101 119 1996
69 145 328 437 2407
197 491 105 405 806
234 252 407 434 2307
85 483 230 60 2671
138 267 103 376 2031
405 205 150 353 1645
102 408 32 234 2095
395 304 436 286 1631
258 263 424 447 2300
206 170 203 213 2799
294 27 63 346 2782
142 293 392 111 2605
278 287 309 204 1644
141 303 446 251 2127
452 244 458 143 1650
247 279 165 19 3191
142 454 496 60 1781
415 149 155 447 2665
212 373 22 381 312
122 31 76 32 3599
332 273 84 366 1484
217 117 343 36 2526
299 268 221 465 2103
352 43 409 69 1306
42 401 481 336 2744
246 362 101 58 1579
381 401 391 118 2712
364 182 199 454 2293
260 88 44 177 1210
82 435 281 222 1861
280 10 103 77 2020
181 269 53 221 1911
483 11 133 424 2320
291 490 142 104 2208
241 113 440 70 517
147 68 108 398 3271
77 491 102 473 1453
278 309 454 210 763
368 69 120 112 3611
19 465 82 168 1895
375 21 250 44 815
271 29 182 35 3984
185 170 304 159 3314
406 74 415 464 2260
174 178 327 204 317
136 302 92 288 3124
235 314 400 107 3348
338 254 155 422 2556
498 200 103 409 1675
474 253 375 81 2561
264 481 269 39 780
299 55 65 252 2095
364 303 171 206 2555
11 328 497 490 850
198 440 34 169 442
268 131 497 68 131
90 387 218 5 2479
375 497 80 468 4002
212 215 283 79 2307
424 493 362 404 676
375 279 91 43 3036
103 267 40 283 2002
153 47 325 43 1491
33 287 357 139 1684
11 343 451 425 2715
276 240 219 312 1126
43 337 153 79 3204
105 492 288 240 3518
174 230 328 196 2023
303 70 225 193 502
145 145 35 259 1224
473 40 252 338 1223
486 385 348 158 1809
88 23 150 498 1650
384 343 37 452 1930
56 152 399 57 1648
73 169 378 409 2259
449 464 210 491 3244
35 483 235 410 2088
321 221 503 343 3030
344 312 185 59 1266
339 424 140 302 3058
238 170 4 287 2517
346 152 46 458 1995
324 110 131 416 2905
45 410 118 383 478
42 325 149 223 2788
55 19 72 449 1745
195 284 435 25 475
229 478 401 22 100
141 258 404 387 2999
145 488 361 157 2240
381 109 326 88 3000
46 368 452 137 4045
448 201 132 369 1387
177 431 209 193 2265
189 143 188 369 237
432 409 135 336 1352
286 224 220 495 398
103 497 77 412 1144
165 196 21 469 480
24 375 422 154 2741
69 333 401 115 3053
122 362 179 138 1406
52 351 170 254 3260
333 178 321 370 2723
442 269 370 128 1131
413 417 468 418 369
111 221 415 266 2884
407 293 396 290 1523
223 143 407 150 3749
71 349 256 327 1707
36 61 377 92 2974
189 32 163 348 2152
278 480 63 34 2476
335 390 299 262 990
502 104 435 451 1952
132 435 410 437 2011
104 58 392 122 347
474 362 91 234 3192
389 481 45 316 915
118 199 288 310 1749
431 145 30 235 2001
177 23 117 470 3132
142 468 493 272 393
299 403 181 139 1376
169 469 468 156 863
126 196 375 222 3232
144 501 312 82 1752
314 316 401 333 1877
5 117 352 88 2243
180 346 301 102 2695
142 372 235 47 2271
330 432 105 35 834
34 222 492 398 2596
474 476 95 189 1465
198 366 298 196 2387
454 188 410 20 1891
209 379 398 128 1348
478 233 131 488 2608
401 106 322 372 1129
269 200 441 71 888
373 437 84 124 3102
446 294 424 121 1067
165 79 120 107 3504
33 455 120 378 612
220 99 382 172 2159
158 277 135 214 2728
28 12 455 60 3072
131 30 275 404 925
434 238 186 486 2104
301 160 141 193 2203
493 110 233 182 3728
441 178 258 400 2552
47 416 170 266 3126
71 48 452 458 2081
142 243 182 350 1846
76 132 355 188 2979
303 70 12 478 2257
173 313 60 271 804
423 315 42 166 2527
193 456 20 309 2008
467 443 7 25 1995
84 288 415 334 2670
333 357 421 294 2529
389 81 498 139 1795
161 306 242 391 1959
435 454 93 411 1996
10 188 141 334 1489
104 104 43 487 1630
145 129 344 352 1105
391 395 238 389 3085
297 209 497 427 883
242 405 72 381 1571
290 210 128 421 2658
11 268 177 361 642
59 454 40 256 1594
34 119 122 61 1711
314 368 407 303 1829
165 102 96 291 2348
440 258 493 369 2359
268 355 309 440 837
50 81 276 502 2720
23 342 9 473 388
164 163 352 42 2576
373 444 204 409 89
438 385 357 442 3376
13 349 266 125 3334
491 199 196 223 2121
499 275 101 32 2849
485 4 443 415 2630
134 426 435 60 376
80 317 401 413 2189
182 171 288 52 3069
479 493 236 272 1657
112 58 394 398 1925
82 423 24 496 308
170 92 381 29 2489
491 49 390 271 3606
131 224 462 426 2056
46 384 274 74 3006
338 458 410 30 2270
478 135 307 485 2440
335 98 276 141 1372
191 493 412 33 3629
245 33 475 221 1425
258 399 269 407 1101
315 313 503 9 637
346 488 312 105 2404
391 197 370 343 1422
395 354 139 47 1917
249 86 444 21 2838
170 259 415 464 3112
215 315 149 321 2764
139 347 432 279 1499
132 79 59 183 1939
256 57 302 368 1434
294 57 362 173 1080
258 298 364 457 2146
395 310 374 243 1841
171 209 372 354 507
70 34 433 323 1485
415 166 261 230 2638
410 364 406 60 2031
91 179 123 374 1733
34 355 483 242 875
336 366 270 188 875
124 378 63 296 2353
104 425 69 133 1507
71 246 458 343 1269
122 343 422 425 1722
273 165 409 324 3351
213 347 150 99 1338
63 457 242 229 343
190 445 254 226 2613
309 474 462 436 1917
189 480 133 261 2582
71 313 160 195 1313
353 48 492 225 1923
318 172 475 7 1175
298 445 186 222 3235
424 152 469 68 2525
177 134 34 199 823
408 210 183 294 890
154 17 391 304 1225
378 74 383 194 2259
80 186 261 431 3023
370 371 298 481 2456
440 217 34 196 2217
312 277 8 497 2413
193 96 107 405 1191
384 155 97 111 2804
65 191 115 460 3147
239 466 131 172 133
76 406 188 320 1019
63 4 438 461 2593
158 438 222 318 1877
7 336 390 296 452
37 418 445 168 3079
449 271 278 98 1133
404 334 210 485 1972
456 167 356 36 1028
1 385 303 127 3184
23 68 434 343 667
460 384 305 63 2763
69 313 252 489 2291
221 300 67 407 234
490 10 491 455 430
458 435 10 161 1673
336 404 455 148 1976
130 479 353 267 1864
116 107 6 464 650
169 409 205 190 3012
121 227 352 500 818
60 480 243 279 1735
17 15
931 1204 1335 1093 897 759 937 651 383 879 1042 1320 1124 1433 1410 1612 1147
1133 1419 1544 1386 -3242 1059 1294 1470 1646 -2942 -3295 1497 1279 1571 1695 1724 1410
1921 1684 1422 1617 1895 -6115 1530 -397 -603 1010 -12 2264 2484 1829 2109 1890 -948
2186 2302 1877 -4824 1996 814 1685 -217 -375 179 221 2400 2649 2471 -6554 -6087 1870
2311 2095 1984 2173 2436 -2710 809 1094 -92 157 426 172 -8461 2701 2584 2313 2149
1880 2246 2045 2543 2690 2410 2065 1384 1127 865 658 452 -9192 3028 2851 -7112 2316
2014 2512 2263 2047 2300 2516 2291 2466 2765 2635 -6689 2212 3188 3319 2989 3121 2435
2249 -5941 2377 -6974 2433 2140 2857 2680 -1816 2800 2506 2551 3653 -9940 -1869 3280 3480
2819 2622 2516 2609 2458 2354 3052 2822 3051 2950 3106 -7870 2536 2952 3239 2998 3736
3037 2863 2719 2521 2687 2493 2749 2606 2447 -7209 2367 2166 2825 3146 3424 3679 3836
3176 3055 2876 2636 2793 2884 3003 2740 3052 2778 2645 2366 2600 3269 2598 3895 3770
3402 2747 -8237 2779 2969 3167 3122 3016 2744 2956 2656 2485 2877 2618 2813 2701 2962
3545 3286 3196 3366 3178 3304 5078 3238 2874 5248 3411 3142 2957 2748 2921 3239 3383
3798 3459 3387 3566 3288 3519 25345 3335 3103 3372 3674 3410 3198 3489 3156 3397 3159
3587 3756 3868 3746 -9864 -10264 3819 3593 3884 3765 3954 4125 3384 3102 3285 3671 3456
97 150 97 82 2717
170 135 184 189 2376
70 148 41 12 492
87 150 145 161 3513
59 21 76 17 2348
167 194 123 140 133
53 139 59 171 3904
115 201 90 60 3001
135 2 178 24 2183
89 116 38 143 975
164 201 156 144 3069
187 134 139 30 3525
30 184 188 15 1696
50 26 164 186 43
51 35 147 31 1582
10 37 29 141 2112
81 197 40 31 3701
184 131 29 128 2549
141 145 20 98 2703
108 184 2 97 2347
70 183 96 45 938
135 170 159 112 3362
143 147 67 68 1150
89 29 81 118 2226
100 165 144 92 1179
142 192 142 165 3533
50 182 143 140 444
111 48 143 17 746
110 133 165 11 2900
174 194 96 89 1284
97 81 13 51 2843
114 158 123 11 3361
128 106 13 48 268
128 181 38 183 1081
106 4 82 85 2447
142 62 58 11 2914
75 62 98 30 2853
28 13 17 168 2020
161 65 70 118 2092
177 132 128 161 1889
138 16 120 24 2993
186 106 123 9 3701
31 128 98 21 2250
46 78 12 28 1809
15 116 52 66 2256
203 169 89 113 3316
158 182 2 40 3136
204 194 173 37 1856
161 136 5 82 2631
184 133 143 17 1968
7 145 10 185 2705
35 135 179 134 3423
160 147 101 149 779
154 87 158 49 3416
55 127 87 113 2666
174 133 165 67 83
188 153 187 123 3886
63 120 107 102 3957
164 153 11 171 2912
88 124 171 114 3209
159 203 158 142 3525
87 170 115 153 2628
86 113 53 150 2351
37 5 91 40 1793
103 159 75 200 3343
168 92 41 153 2953
59 52 96 30 1668
149 19 131 165 1350
159 2 102 124 3039
139 128 146 30 1525
151 8 138 1 3510
149 138 154 86 752
100 20 80 150 3323
69 35 162 63 3269
87 142 199 59 3111
31 107 31 143 3849
190 55 164 158 4006
169 6 58 86 1824
146 124 178 127 2882
23 166 109 109 399
55 34 192 48 131
61 186 124 38 3257
88 181 115 26 1255
100 186 2 35 465
195 100 21 184 2675
32 124 75 107 4244
168 171 33 27 2162
186 143 87 184 4043
56 195 152 71 3286
79 191 65 139 340
51 145 89 12 2601
8 80 102 22 628
113 128 42 193 3446
111 133 4 108 765
188 30 60 132 1820
153 181 183 74 2511
89 38 61 152 3162
189 122 55 39 2827
169 159 169 103 3186
103 78 91 186 3151
164 23 169 133 95
159 5 145 150 1467
5 95 59 176 531
161 126 155 100 479
123 63 4 157 4079
118 74 63 19 2415
191 2 133 130 94
69 195 64 57 2970
87 187 148 75 3423
170 103 38 147 2852
158 165 139 159 3153
133 68 92 35 2616
24 144 56 62 3287
130 36 195 2 272
40 63 177 81 1838
185 98 52 68 2754
124 152 41 182 3256
24 155 148 195 2532
148 89 124 189 535
46 107 155 55 4044
82 158 128 35 2916
198 90 86 77 3647
58 204 149 35 1627
47 59 16 50 2596
101 182 100 104 620
79 59 180 5 2633
188 131 148 193 3168
171 29 62 90 2612
104 94 123 124 3964
3 91 137 103 1636
82 189 128 81 3505
149 55 148 74 2428
85 2 134 82 2599
8 61 71 38 3327
36 125 53 50 2955
161 71 130 187 3647
97 127 128 159 1715
188 63 48 54 460
116 40 169 65 3479
150 145 186 160 2663
102 136 51 160 2884
147 154 123 63 3558
109 46 170 153 2327
166 26 123 67 81
136 179 161 148 2504
92 134 128 11 2674
112 134 86 76 3607
133 180 135 135 3622
152 200 124 196 2548
179 75 147 13 2740
46 184 80 81 3687
4 109 128 95 1838
13 158 87 72 3725
148 191 171 19 2136
4 51 79 58 2927
182 18 20 136 2810
43 13 24 80 2890
21 51 29 178 2657
132 13 48 161 3131
32 27 42 39 2965
133 157 146 60 1317
76 77 95 179 3786
115 48 78 169 1587
24 108 132 53 3051
19 171 161 146 3160
57 42 31 155 2471
104 131 24 165 3315
59 55 84 178 2487
71 171 36 138 654
19 37 23 16 2072
160 41 63 189 2587
155 29 106 5 2148
84 127 12 113 2713
168 87 165 32 4041
197 2 147 150 1648
177 44 97 15 1406
200 171 128 158 2937
62 51 53 120 4051
23 87 74 152 2317
102 144 132 26 3390
167 68 120 30 1232
168 131 197 20 3470
82 125 124 23 590
110 45 62 104 2913
116 187 113 49 3361
13 143 199 199 3937
93 163 100 5 1025
41 19 164 196 546
143 128 161 142 3310
146 184 26 86 1516
156 127 8 153 3261
30 31 195 163 1314
161 152 41 164 3236
82 188 188 27 2656
40 182 180 17 3408
87 202 52 18 3198
196 53 153 23 2731
191 197 7 133 2440
135 22 91 157 134
2 46 171 76 2124
48 89 12 13 2155
127 200 111 59 765
89 118 180 13 2101
8 135 2 132 3552
63 147 161 98 3178
165 30 159 109 175
56 80 170 152 3255
2 182 131 8 3316
142 69 73 80 3337
94 145 184 190 3626
86 130 93 198 3448
67 38 136 5 221
34 35 90 181 3606
5 148 152 71 2968
11 45 24 110 3647
63 17 67 118 1038
35 142 137 159 1376
6 46 27 194 1615
165 158 97 75 2975
88 181 189 98 2072
69 158 200 170 3766
89 69 126 13 2737
24 67 186 5 2786
186 127 113 35 2890
90 12 88 110 3281
3 57 188 63 1697
148 145 196 182 2803
35 124 127 122 3131
58 152 60 45 3278
66 47 132 150 2526
78 87 144 41 2931
165 146 19 69 2623
4 100 36 169 235
124 142 181 24 3806
158 137 79 123 3817
92 202 138 104 348
59 200 125 32 2314
41 146 99 73 2999
188 200 44 45 1104
124 54 87 138 2944
13 113 187 139 3645
33 109 87 173 2528
177 54 106 70 1163
93 107 171 199 4064
91 26 128 9 3608
161 92 115 75 2807
54 91 92 100 632
1 161 104 17 3723
75 45 154 65 4423
35 100 120 146 1483
170 132 127 115 3413
19 133 165 125 2948
97 58 136 15 2587
43 99 186 55 3252
131 123 65 200 3754
26 16
-1520 -1634 -1499 -1639 -1362 -2004 -1722 -1060 -1503 -1682 -1560 -1369 -1682 -1547 -2110 -125 100 362 922 757 937 389 1399 1518 -3567 1506
-948 -1188 -944 -1382 -1121 -1313 -1427 -954 4404 -1462 -1395 -1682 -1488 -1703 -1972 140 359 574 855 -2646 810 552 1835 1632 1494 1613
-774 -918 -801 -1049 -989 -1095 -1321 -711 -606 -1311 -1169 -1532 -1188 -1480 -1701 -1418 1335 1136 1000 1082 554 676 2091 1898 1774 1979
-909 -735 -658 -891 -684 -839 -1106 -190 -474 -649 -918 -1271 -1060 -1173 -1069 929 825 971 1149 1285 993 796 1898 2183 1970 2100
162 -96 -61 205 -46 -466 -831 -726 -595 -813 -690 -561 -810 1909 -784 -570 955 1120 1649 1575 1300 1079 1190 2419 2256 2146
408 145 246 456 358 -315 -581 -290 -397 -671 -544 -296 -538 -430 -635 -828 254 1679 1818 1662 1498 1361 1182 -3592 2466 2262
684 318 461 724 579 419 -459 -561 -556 -443 -311 -164 119 86 -304 -674 455 2248 1967 1295 1331 1627 1517 1670 -1063 2419
859 512 787 933 -480 679 936 774 652 392 272 135 342 197 332 1216 701 -1464 -1257 1419 1572 1834 1721 2427 2094 2685
986 724 964 1087 917 798 1068 1061 -2332 668 474 333 573 484 470 1488 836 788 653 479 1863 2031 1893 2572 2326 2610
1225 966 1160 560 802 919 1312 1193 1038 896 753 532 1011 1243 1540 -4701 1068 1026 885 656 471 2415 2581 2788 2567 -6622
781 942 842 -432 939 1071 1169 1438 -3250 1004 436 633 1274 1993 2112 1931 -818 1194 1098 855 1091 1308 3087 2907 2680 2810
927 1123 1028 834 1029 1197 1378 1135 1398 1263 715 749 649 429 634 361 601 1374 1328 1164 990 3422 3265 3063 2855 2606
1053 -3494 1279 1395 1123 1326 1648 1367 1623 1533 1279 974 874 659 742 597 830 -4214 1535 1355 1272 3285 3398 3180 -8444 3171
1130 1426 1232 1508 1398 1569 1909 1541 1905 1714 -4127 1270 1025 858 990 693 -2671 1764 1712 1495 1312 3407 3679 3385 3310 3157
1346 -4771 1382 1876 1618 1799 1553 1724 1791 1523 1701 -4340 -3222 990 1105 944 1126 1335 1892 2144 2411 2570 3821 3590 3499 3262
-923 1827 1815 2014 2177 2018 -1076 1903 -5843 1655 1849 1815 933 1178 947 1160 1283 1544 1352 2259 2158 2781 4103 3401 3224 3465
22 124 65 169 760
297 240 316 330 1184
330 192 76 254 1391
316 136 21 34 644
192 124 315 50 772
312 200 278 102 148
229 106 105 290 2573
331 58 315 93 1477
222 15 45 48 2006
33 23 1 199 794
268 328 168 197 2927
269 124 86 175 1081
107 61 35 28 1632
72 231 68 192 2277
31 195 288 252 1237
278 71 21 47 548
22 84 164 177 1337
219 245 296 26 1301
265 129 34 150 2737
258 272 266 124 1308
272 317 83 48 964
171 104 118 45 1891
56 180 80 201 901
186 319 11 267 1388
270 302 70 214 403
265 241 30 167 933
135 72 96 72 2618
172 316 135 24 301
173 243 234 108 1333
107 104 217 153 1056
11 154 53 131 786
79 306 11 53 369
154 176 193 227 547
29 15 241 228 827
264 329 101 51 1297
130 7 91 186 545
142 283 161 188 450
329 313 21 140 338
317 37 112 88 1126
64 283 8 56 561
64 220 243 58 1285
316 169 287 38 1912
230 165 85 34 1585
204 39 1 192 1816
53 307 164 236 3578
205 228 34 224 3637
216 280 34 142 504
161 5 127 131 2515
27 294 143 234 2851
214 9 112 204 1570
9 83 263 141 1980
133 310 240 72 92
86 169 49 322 1036
257 47 64 66 1563
136 199 214 68 770
78 23 312 243 69
34 239 176 44 83
259 86 93 226 962
79 228 102 50 1169
115 63 299 253 1501
66 43 202 263 699
175 254 308 307 419
266 137 25 110 1372
276 140 26 199 103
75 113 283 44 326
257 106 108 265 1274
74 54 109 205 2089
78 290 224 166 1475
270 152 154 104 1402
298 283 234 143 3027
201 248 167 190 1470
310 231 159 2 290
74 309 313 88 1127
114 135 38 130 3837
240 258 217 307 431
78 41 58 135 1433
63 202 133 77 661
307 208 56 321 1206
316 286 315 145 1236
196 20 164 71 1576
12 163 117 174 1072
202 261 175 83 933
209 283 44 329 3371
228 217 267 179 1734
321 90 306 254 1532
204 4 130 106 1016
107 317 43 128 1294
112 56 193 243 1371
240 89 128 276 1849
168 190 40 106 2867
236 291 163 117 668
319 136 27 120 1149
129 197 229 64 2246
13 282 289 275 1699
294 167 283 106 891
59 223 63 107 1923
48 167 248 317 305
111 192 248 41 1683
146 103 121 313 4208
79 180 224 131 972
55 291 240 9 1050
269 306 82 1 921
39 148 21 48 1066
35 166 43 35 1068
272 101 68 189 1906
306 258 220 317 1008
120 86 79 190 1301
306 133 273 316 767
314 28 110 46 319
265 185 192 265 2080
75 130 294 200 412
319 132 157 152 1240
251 102 95 223 2077
15 276 53 314 489
231 265 292 194 515
226 153 76 295 694
315 35 172 40 1085
158 320 203 295 799
306 297 194 325 814
332 78 267 216 1738
11 275 55 36 963
172 21 164 178 1112
286 305 51 272 756
247 87 186 239 710
331 27 4 49 1278
22 147 52 282 685
123 38 90 147 3598
38 239 192 64 2563
20 91 20 82 1077
302 119 220 66 2032
62 192 263 86 2528
50 162 275 80 1558
201 167 283 295 350
76 164 322 179 1878
177 124 83 86 662
158 103 174 298 3319
258 114 98 21 944
97 21 66 124 906
263 135 173 254 1536
87 138 3 68 1824
217 40 228 12 1011
156 130 326 280 380
96 14 26 26 24
329 153 284 134 1044
79 327 54 13 1907
79 110 138 144 1765
119 251 83 40 1034
186 243 14 12 1107
265 287 285 306 219
104 316 204 221 508
164 30 22 231 2225
205 256 18 176 3831
133 65 92 112 250
199 273 39 158 1270
125 279 3 51 2005
130 274 217 249 288
283 83 257 259 1092
17 24 17 326 3430
169 138 69 269 959
294 115 265 58 1027
191 157 107 54 1362
107 320 154 132 585
214 192 232 162 2512
315 36 239 254 1475
198 59 314 127 1782
177 97 61 250 1114
189 16 290 88 1418
53 197 47 68 691
143 243 288 93 1012
23 22 249 72 2497
261 230 17 200 43
144 243 53 72 1512
8 210 202 163 1532
258 2 175 246 537
93 271 163 299 478
76 96 21 42 173
303 193 294 131 758
135 278 231 3 1307
112 75 239 103 658
147 272 166 286 388
102 197 199 84 328
258 330 177 35 1908
204 34 22 152 1564
110 171 232 254 604
15 36 3 329 616
103 147 131 130 910
26 48 155 84 583
65 330 108 294 263
172 314 28 202 1426
36 293 328 119 2013
147 305 242 249 543
16 291 174 204 1603
197 65 321 51 1052
33 249 231 291 2342
99 3 274 239 877
318 62 9 102 2187
203 278 23 312 1305
303 69 25 178 886
34 64 240 156 38
102 271 227 28 773
243 72 308 121 66
107 91 169 257 1343
192 11 138 120 1378
273 175 206 294 901
227 27 223 18 1751
296 151 278 276 1484
46 269 278 241 1391
38 269 307 66 3325
227 267 121 232 253
310 151 228 196 1291
259 106 202 101 1021
186 148 132 192 1637
214 38 11 314 825
191 191 179 154 1419
223 60 204 160 1854
204 64 9 309 1184
137 1 45 199 2088
119 104 132 87 998
168 273 108 164 1050
137 150 157 208 274
255 93 22 154 1182
136 104 117 237 1278
290 31 99 38 2765
174 271 271 139 689
104 143 322 261 1119
78 243 153 76 2082
156 107 231 156 870
33 93 300 96 2513
234 52 31 244 3071
177 172 45 92 26
28 114 72 39 2153
176 130 214 116 3531
164 300 326 25 3380
139 266 106 20 1483
13 321 285 137 1375
316 236 292 317 992
206 54 329 258 760
63 46 304 202 1586
19 104 324 199 1097
214 123 103 202 3427
265 183 222 98 2386
43 51 103 27 187
114 45 262 202 1392
177 224 240 225 1521
192 167 68 132 2262
29 252 203 156 881
186 139 48 71 845
128 192 176 26 1494
115 146 164 61 1700
234 86 251 247 637
30 77 314 165 843
63 225 176 9 1317
34 187 59 137 451
298 205 128 90 2032
51 304 36 150 1401
250 96 270 152 1435
22 299 55 132 957
223 219 127 196 1548
66 41 89 20 1110
42 92 317 201 416
118 91 112 7 1220
175 49 222 105 1134
74 176 331 275 1760
198 46 232 137 2134
24 311 24 261 3308
228 53 158 135 1074
292 133 216 259 879
71 17 28 259 463
147 34 44 174 3400
221 214 178 59 728
282 261 219 93 363
47 189 34 256 2534
320 307 235 20 1125
51 37 237 164 1086
69 201 93 295 679
213 169 130 176 505
77 282 74 177 1793
178 183 40 3 521
255 275 140 275 1196
214 148 69 252 2148
131 301 291 47 2254
186 276 72 315 1829
60 64 33 220 560
280 13 227 36 1579
242 22 60 23 175
160 185 12 252 1964
241 272 326 49 607
183 234 244 105 2797
121 256 38 223 3633
16 225 278 216 1263
270 224 204 6 1602
6 106 106 204 1743
111 144 94 39 386
317 265 22 286 428
216 325 209 113 497
153 102 230 52 450
65 164 52 35 1866
299 95 141 210 1821
99 280 92 313 577
140 38 158 309 858
108 24 107 57 2754
205 293 127 224 1807
107 180 158 294 2967
99 25 164 9 1464
85 46 54 84 1443
180 261 256 202 637
110 94 169 200 1289
51 166 323 132 1798
332 216 304 247 1617
256 101 79 162 1722
292 43 172 86 813
96 171 205 166 1237
25 227 281 199 555
106 174 135 316 1953
284 12 169 7 1037
157 315 79 193 1705
19 139 128 331 1297
280 40 11 270 1110
79 41 69 263 576
188 64 265 309 98
15 136 231 105 2379
69 15 73 223 2395
83 231 188 216 1127
300 269 205 125 3636
71 37 185 77 1296
72 330 88 20 1384
129 146 209 220 2971
206 49 309 169 1274
266 263 86 64 472
303 249 78 267 390
324 319 195 197 1384
271 219 312 155 364
175 178 54 200 1172
134 298 332 73 2149
72 310 129 9 386
264 137 320 118 1333
129 77 16 169 1643
59 220 267 56 465
24 251 198 239 2008
103 267 172 17 1594
90 52 209 192 2726
224 8 151 138 846
265 114 18 103 3981
60 332 321 298 2049
108 272 52 245 1439
317 47 115 185 1261
198 234 75 45 262
168 49 249 246 412
123 185 292 163 1169
214 298 239 46 1661
216 200 234 258 1065
259 135 301 219 2029
27 37 138 231 256
240 225 175 274 29
145 280 171 39 1412
153 302 231 30 2224
39 3 87 313 1508
309 248 317 216 28
91 139 196 222 1425
23 316 262 105 2565
288 120 278 295 1020
216 310 19 206 1685
290 189 279 285 2100
24 99 90 318 2077
201 289 129 9 1500
151 269 89 127 2060
146 45 199 22 1889
269 185 112 192 1739
306 65 31 228 984
15 156 114 77 548
58 245 25 108 1225
228 161 263 329 1465
198 45 253 8 1578
133 17 35 9 1258
43 241 164 99 809
102 3 87 256 1501
292 315 11 128 1950
272 65 93 327 1796
133 312 220 265 285
328 109 93 267 2054
41 124 303 162 155
151 36 270 12 1713
79 154 171 93 810
206 159 297 185 1048
161 209 292 33 615
259 27 137 169 1522
110 225 86 295 459
63 123 14 104 1266
220 228 161 256 2389
3 133 46 299 1202
55 154 213 274 1039
57 27 178 242 3050
261 322 136 183 2155
256 17 125 116 3431
58 135 150 88 3675
300 309 268 310 2548
196 191 206 148 1102
63 56 65 290 1821
41 46 163 292 666
114 35 20 39 1337
304 217 166 139 283
90 58 78 224 3407
14 153 288 71 737
71 22 118 179 1856
292 329 7 71 999
167 230 106 38 324
228 261 265 323 1733
161 171 61 177 1240
225 106 188 219 1200
280 147 104 187 638
176 86 151 167 687
259 25 82 34 710
127 24 9 192 1890
130 185 114 134 698
51 280 34 199 1381
231 105 228 245 1308
11 11
788 225 2697 2539 2254 2513 2636 2430 2509 2367 2096
1036 470 760 620 2417 2683 2899 2582 2789 2559 2277
1308 1199 1034 762 2612 2966 2586 -7951 2950 2685 2479
755 -1682 473 223 3450 3235 3063 2942 459 1613 1434
1002 798 609 330 -307 3345 309 520 621 1301 1546
939 1071 166 451 -168 -407 420 663 733 -1355 198
1214 713 460 160 -44 -170 1355 549 846 632 473
1206 968 1236 1342 1150 1803 1643 1657 1887 464 639
1576 1276 1489 1675 2028 -5334 1890 1834 2012 1911 926
1786 -772 85 1827 -6286 2059 2165 2014 2220 2412 1103
-5404 2176 1948 1671 2505 2172 2010 2176 2365 2195 1929
61 90 83 65 1937
6 85 67 92 2380
52 82 94 39 2634
45 21 49 96 917
92 55 6 45 2883
51 62 90 88 967
4 88 83 6 353
96 23 16 41 3165
94 50 23 76 2844
75 11 7 94 2470
96 81 50 6 622
45 20 84 14 581
57 17 94 54 1615
48 25 53 67 2306
4 94 1 74 1812
25 88 22 74 2456
71 40 33 79 2668
17 94 37 34 2096
4 40 62 96 600
96 52 30 20 367
12 68 68 84 151
24 56 50 53 433
79 4 1 51 1274
46 55 42 69 3475
83 20 64 80 415
49 83 43 66 2412
76 62 6 50 942
34 67 61 51 2104
58 30 30 35 872
59 83 79 4 1515
19 31 80 55 3179
49 6 74 25 2620
59 19 20 57 617
96 67 35 70 1354
35 20 95 18 2790
20 83 74 71 2237
67 65 85 5 150
14 68 9 45 62
40 45 57 52 1381
61 86 37 65 1375
90 92 20 12 1951
95 64 75 54 2453
75 70 92 72 2706
77 50 95 2 2715
83 12 61 29 2063
11 88 6 53 591
45 7 13 83 673
39 75 63 22 2269
30 85 73 58 2517
72 58 85 92 727
83 65 21 9 1933
70 81 16 94 450
45 75 58 7 540
73 20 59 67 2526
18 50 36 45 1254
50 70 64 73 2331
89 44 30 13 2129
6 52 31 47 3105
67 18 94 83 880
31 10 59 54 2125
66 70 40 45 1508
66 4 45 55 418
24 26 28 21 2044
96 36 19 26 2808
85 56 45 58 912
3 27 47 88 762
34 34 54 35 1943
48 10 17 40 1877
73 77 21 47 2659
93 56 92 75 1256
34 79 21 58 2768
39 24 61 58 2822
56 88 85 81 2213
84 30 28 84 430
3 40 1 94 1527
85 66 44 86 2515
9 80 34 47 3045
26 46 24 76 3254
58 75 77 88 2460
64 61 69 12 3683
77 77 96 28 1740
52 61 70 6 1156
40 16 77 67 2811
7 6 57 91 752
87 94 8 65 726
47 10 83 52 807
87 9 43 59 1521
52 45 90 94 858
63 70 46 71 2312
59 85 75 65 1392
80 27 41 71 2842
49 95 94 16 144
91 67 37 89 1075
31 37 58 94 235
50 52 94 92 2767
20 21 72 27 2802
52 76 53 30 1268
11 67 85 6 411
28 61 54 75 1473
56 65 12 46 2168
9 95 82 52 2455
30 50 5 35 1076
24 77 45 6 2046
9 84 19 68 204
39 93 50 35 1324
63 47 36 27 614
28 90 68 43 22
41 85 79 4 751
57 10 7 94 957
53 93 38 36 1142
7 27 95 45 1022
64 28 72 85 359
55 45 90 88 68
8 45 21 29 1009
70 88 26 25 1405
64 84 68 42 3452
88 40 11 27 1867
90 93 41 55 879
92 12 30 43 2119
88 92 64 74 1666
20 53 63 9 3074
24 15
309 101 -314 -414 -132 -8 1150 1006 212 649 -68 131 239 371 891 537 807 660 2176 2062 2294 2589 2384 2641
526 263 -92 573 318 108 1270 1387 505 798 146 259 140 36 1006 1247 1039 1202 1077 2320 2523 2792 2649 2896
806 563 132 373 540 372 1523 1263 737 1004 771 455 347 526 1162 1439 1809 1430 1623 1898 2754 3083 2922 3046
1069 777 426 572 729 1306 1701 1386 913 1126 903 622 409 1602 1834 1673 1909 1687 1897 2095 1910 1807 2102 2288
777 923 528 756 1393 1579 1833 1626 1924 1210 1095 772 578 312 1934 1823 1951 1808 2092 2311 2149 2030 2216 2044
942 1071 779 943 1539 1793 1940 2125 -75 1327 1198 1001 1286 544 1914 2042 2213 2048 2318 2089 2550 2327 2428 2269
1066 807 949 678 2086 2243 2074 286 179 -3 1462 1117 1331 1473 2136 2275 2429 2156 2571 2422 2332 2431 2568 2809
1288 1003 1301 1134 2356 2123 2356 480 733 445 698 1233 1463 1226 2243 2409 2305 2298 2803 2671 2432 2596 2860 2993
1525 1264 91 -106 -273 704 525 744 852 1284 1512 1361 1618 1474 2361 2064 -6244 3119 2981 2818 2717 2882 3054 2809
1812 160 353 90 -141 192 305 914 1015 1296 1700 1930 1759 1751 2639 2837 2424 2312 3157 3025 2896 3092 3311 3475
659 449 600 303 449 292 -1442 1102 1310 1569 2376 2225 1948 1816 2932 2746 2344 2522 3288 3287 3013 3260 -9858 3395
816 360 659 816 675 790 897 1244 1503 1639 1392 1592 1853 2115 3067 3046 2564 2798 3428 3566 3268 3485 3768 3533
1027 762 900 1122 940 1079 1024 818 1683 1878 2163 2419 2088 2374 3304 3336 3457 3666 3884 3692 3525 3656 4026 4321
1564 1291 1110 1305 1060 1329 1626 1886 1586 1823 2036 1932 2439 2647 2942 3535 3750 3766 4114 4212 4015 3904 3743 3531
-853 1568 1705 1485 1202 1445 1705 2059 2288 2111 2362 2625 2617 2905 3154 3794 3963 4581 4318 4589 4282 4120 3964 3677
7 211 282 193 2225
225 183 123 278 324
20 77 167 89 930
79 124 72 243 3309
40 185 80 117 962
268 138 186 147 3049
156 37 228 91 2995
132 152 74 9 631
218 156 122 133 820
50 86 59 149 404
248 49 250 215 2043
255 22 121 222 1229
205 33 250 43 1388
177 284 176 155 683
151 45 161 97 1155
158 277 73 147 21
242 264 63 171 3009
77 23 59 173 433
123 108 61 12 79
119 17 89 10 2632
92 78 6 17 1691
140 284 273 44 1373
122 209 17 271 2212
143 103 190 132 2159
153 267 286 200 2625
141 275 193 211 534
87 281 60 227 319
230 6 70 284 933
220 276 258 133 1721
14 196 170 156 1235
227 121 249 37 3001
166 228 16 116 1721
236 62 29 106 3553
65 221 243 49 980
190 239 237 143 1919
26 261 164 214 712
123 22 101 123 1740
29 76 124 43 1507
264 275 37 80 2849
121 59 95 48 2565
90 114 14 237 1265
118 122 50 277 849
62 249 272 28 2130
204 54 152 66 399
212 160 241 125 2356
45 117 1 90 1718
40 21 3 197 1019
197 22 104 65 994
105 163 237 27 448
138 74 29 233 637
44 190 52 216 198
256 273 274 125 4324
267 264 166 183 2429
57 227 199 53 3995
243 154 263 63 4178
77 89 121 25 1322
70 254 267 258 3436
97 262 59 191 587
62 60 227 241 1801
89 96 80 261 1241
38 193 198 49 2055
186 92 229 253 1751
107 178 61 145 1620
113 219 48 122 2409
196 71 50 40 1558
245 16 280 211 2698
210 134 243 258 3309
205 2 19 16 2094
194 208 78 222 1319
2 73 151 269 894
28 191 15 93 303
174 86 9 227 4002
285 262 249 106 2468
138 183 263 105 503
275 191 90 144 2552
55 42 23 68 3673
235 286 140 180 2881
90 164 63 238 2600
192 128 235 278 2650
268 44 60 3 1578
88 38 245 276 1821
220 35 97 62 328
256 191 267 109 2292
57 269 200 198 2241
268 22 133 178 3259
193 105 112 177 729
211 73 63 213 2632
15 14 152 204 1435
71 280 4 45 2524
94 276 248 203 2110
163 196 225 52 429
112 250 4 89 1672
262 119 33 80 2348
67 198 248 51 1792
229 63 103 170 2568
206 129 103 105 2189
140 206 237 221 2954
123 171 188 158 1899
221 183 79 120 855
4 58 148 124 2686
38 6 93 276 1059
255 179 141 270 1025
213 29 211 90 503
6 64 173 158 2539
149 269 35 73 19
67 169 236 108 1743
168 264 176 68 4024
42 20 110 150 973
107 95 276 11 1457
49 29 30 276 1211
22 150 189 237 2872
164 53 169 110 3394
147 263 156 9 1424
99 275 229 74 858
244 77 72 40 1336
27 1 176 173 237
233 253 3 58 2759
141 114 174 78 1519
284 188 117 117 1523
116 222 3 230 1142
286 111 267 4 2586
162 3 23 75 3939
216 144 70 72 3551
17 195 92 211 2405
242 6 99 95 1275
170 178 77 43 1758
77 11 212 267 1367
38 221 235 119 797
269 126 166 77 1248
158 147 217 6 1422
248 51 171 38 2131
204 73 192 92 736
223 92 89 168 3699
210 206 129 133 2612
184 17 285 173 2489
183 69 89 135 943
94 77 151 278 693
268 287 43 111 2074
217 218 209 95 2423
205 101 270 39 2176
104 44 183 121 1555
217 135 288 250 2312
45 79 251 206 2926
80 228 92 227 1846
60 104 40 159 1178
17 116 236 245 1935
266 237 136 198 401
206 183 268 242 3272
64 58 117 10 2317
180 180 46 64 3154
141 186 120 51 1569
63 227 144 124 2859
79 70 180 89 1650
158 133 148 131 4513
201 110 77 275 1069
280 147 215 254 2188
228 7 268 119 1695
248 186 8 175 3278
51 14 66 156 1725
138 286 194 219 2640
57 256 53 3 4086
140 54 89 32 2549
237 237 250 221 1044
74 6 86 128 1483
141 150 142 88 1036
90 213 123 93 3139
87 131 159 117 1701
276 278 86 175 677
192 200 211 228 2079
229 91 93 186 2810
93 166 125 272 1395
183 7 233 148 4731
180 141 217 54 3308
278 117 90 97 230
163 141 169 248 1901
137 281 140 7 1862
129 263 249 96 689
174 117 161 86 1256
180 200 39 215 3050
206 51 158 247 1736
257 119 220 206 1371
236 104 171 205 2187
53 12 7 173 486
202 253 257 135 1200
129 10 239 129 2516
173 144 174 245 4096
212 11 200 128 2310
134 237 213 62 3364
9 216 148 92 3658
201 60 220 142 1332
77 11 14 170 1080
261 171 285 190 335
204 86 128 45 1570
69 166 33 236 2228
228 192 252 27 693
258 116 84 17 2419
199 92 71 211 3777
176 154 183 37 4365
254 288 144 75 2398
220 273 80 158 1046
256 213 124 14 1839
28 136 22 262 102
43 278 14 252 949
234 1 26 235 504
211 70 198 249 4011
25 203 141 254 2101
183 190 54 168 3553
22 168 68 245 3560
227 132 55 123 2071
211 220 74 124 137
91 176 40 169 3746
217 141 140 254 3141
123 261 27 90 204
281 173 281 188 1725
186 5 53 190 3311
71 58 16 267 2971
53 12 131 68 3958
195 19 133 211 2520
200 181 160 208 2797
215 213 173 70 793
176 198 161 136 3804
37 133 53 249 4325
96 163 253 200 3014
67 3 259 66 2519
33 107 85 184 1736
252 274 249 9 1102
126 259 48 17 1350
134 19 22 251 3184
116 226 96 61 3336
200 37 211 178 3216
202 180 237 117 1774
84 156 170 121 2845
15 170 112 170 1999
167 276 81 222 1076
205 159 195 82 2136
28 79 123 151 160
106 168 19 53 3294
9 144 22 65 1248
100 197 78 77 1233
118 219 4 125 2258
54 203 223 82 2223
153 153 74 106 31
86 228 217 144 3673
202 205 9 241 1663
178 168 121 264 3177
214 242 158 147 4
111 225 44 261 1135
43 185 22 9 468
68 19 236 94 3777
111 94 6 133 1461
51 42 25 123 1587
83 6 40 201 3933
160 276 110 40 958
17 256 120 266 2212
7 221 238 144 2220
195 71 140 12 2556
278 2 126 74 1697
260 163 15 67 2937
126 97 45 125 1304
171 86 156 6 568
55 143 70 44 1681
219 247 195 194 2520
136 110 6 263 3691
186 206 169 237 3091
72 208 144 170 1017
191 221 249 225 931
210 153 190 16 2372
264 136 131 201 4279
198 93 196 193 380
93 274 114 11 1231
78 195 2 266 2755
228 126 248 73 1647
220 69 141 148 1993
262 1 114 156 989
193 99 54 241 637
236 179 81 123 1511
243 59 66 76 1418
10 82 254 236 2481
253 58 217 65 798
38 228 123 49 1267
124 238 186 215 2568
236 221 200 93 2534
96 65 93 218 906
225 258 236 160 1406
22 194 155 257 900
148 108 211 234 261
104 107 202 123 1838
67 32 184 144 2559
214 35 193 193 240
173 129 210 118 2416
190 250 278 112 744
109 26 281 75 2466
161 263 54 164 3751
228 260 80 212 2590
48 145 152 229 1685
67 141 233 215 953
170 112 252 2 779
15 34 159 225 462
267 68 263 70 3569
25 223 245 38 1963
85 121 38 97 482
199 4 184 35 1379
134 19 91 5 3458
60 217 228 144 4025
151 138 143 60 2383
161 81 77 261 1019
71 15 115 266 1700
281 15 287 280 2336
179 258 218 49 2353
269 23 42 211 685
15 226 179 175 3048
221 285 196 22 807
78 135 59 103 2519
61 112 148 25 1951
2 182 152 150 1966
220 170 26 183 2359
171 215 123 169 2817
190 11 227 159 2082
258 161 216 159 526
88 182 25 203 2148
12 148 153 164 127
120 69 155 234 852
3 260 266 172 2570
125 117 79 125 1616
211 84 219 251 3100
63 83 12 125 4163
278 284 110 99 962
66 2 94 140 2430
55 136 89 271 4516
182 220 242 145 1973
78 164 256 144 2679
163 49 221 39 1712
199 211 90 96 1393
43 63 198 213 1810
278 64 185 181 2761
173 171 49 276 140
3 238 189 145 2490
7 243 274 113 4450
203 77 223 94 3526
242 241 152 263 313
6 21 54 67 1336
106 215 68 203 3766
57 158 158 245 4709
180 29 90 228 3307
119 214 106 62 445
115 66 165 24 1976
16 237 190 160 718
175 92 166 177 520
88 158 43 229 897
219 78 67 8 2927
266 253 182 82 1861
201 234 74 150 412
177 14 90 266 967
177 17 245 248 2062
171 126 260 7 2392
197 143 165 132 941
275 42 220 3 1212
155 116 177 183 702
57 282 208 30 2521
228 30 213 108 1573
11 23
-11326 -1242 343 122 348 217 428 666 393 -204 281
-1248 -1019 -874 -1032 -888 -610 1101 -2531 678 485 385
-1118 -860 -636 -876 -635 -371 -135 802 920 772 487
-1370 -1120 -824 -591 -378 352 -14 1089 494 777 602
439 509 697 533 122 -91 86 222 320 -114 876
571 738 867 643 452 564 399 504 579 679 1099
1086 964 1081 909 690 862 563 735 873 856 956
1229 1076 1317 569 849 1362 1148 1424 1128 981 1169
1437 1233 948 807 919 1177 1316 1587 -3771 1217 1444
1680 1334 1148 1291 1049 1323 1468 1244 1589 1377 -4824
661 943 1812 -4340 1283 -1402 676 1069 767 1577 1929
861 1097 936 1573 1311 679 828 1291 1013 852 986
1491 1311 1499 -1092 1539 1369 1122 1418 1272 998 1206
1117 1411 1179 1478 1208 857 -3855 1677 1474 -3516 1463
1234 1610 1405 1269 1434 1136 1678 1872 1996 2162 1658
1165 1383 1185 1394 1681 1420 1700 1977 2213 2391 -1093
2597 2766 2623 2451 2241 2101 1934 -6238 2077 2596 -807
1890 1688 -5384 2032 2208 2018 2223 2476 2208 1920 -601
2122 1924 2169 2239 2463 2212 2364 2608 -311 -178 -375
-521 -667 -558 2351 2690 2415 380 -161 -49 61 -69
-313 -544 -330 -76 113 -82 608 460 70 356 66
128 324 -67 76 360 -562 496 653 394 638 320
857 616 468 679 533 444 667 860 604 339 623
167 183 65 71 1043
10 47 134 125 1351
192 165 125 62 1184
156 80 48 56 1897
149 37 159 4 50
185 119 3 85 258
146 61 143 121 1235
14 168 54 124 325
113 104 11 138 352
105 20 104 195 1519
45 198 65 105 407
149 120 107 59 1245
114 200 54 31 1349
40 185 34 46 846
4 44 31 130 2857
44 121 85 44 1419
123 31 138 166 612
28 105 143 114 2394
196 15 192 73 1379
153 72 169 143 2607
36 13 182 105 769
48 108 196 12 1605
143 31 55 46 2673
13 191 24 174 1537
80 19 24 185 374
67 74 201 94 1446
65 93 178 69 1016
181 158 62 3 846
130 189 193 188 77
26 114 54 117 1568
170 29 80 163 114
146 16 24 10 1869
178 42 46 109 637
82 28 197 97 758
109 45 62 25 538
26 176 67 48 1624
162 155 86 134 1229
127 83 193 36 923
151 92 5 60 681
108 97 156 120 1485
183 110 183 139 769
64 103 109 149 691
192 174 197 165 967
145 193 139 28 267
55 141 98 114 2238
198 117 58 153 2428
58 29 109 123 901
47 28 180 2 76
158 173 164 157 470
186 172 50 163 175
147 117 38 129 2209
163 93 92 190 1157
102 102 56 2 954
148 185 135 147 2317
80 83 58 73 1115
34 48 124 97 1380
150 125 13 188 953
102 2 121 166 1679
195 29 59 46 835
3 43 163 52 155
177 188 127 63 1595
88 22 169 193 945
53 88 198 115 2160
13 58 74 180 525
80 10 158 27 175
18 44 10 15 1556
125 168 99 28 1176
147 44 62 15 2906
105 80 81 59 1100
24 163 180 52 216
157 34 2 96 2092
98 37 4 46 431
158 72 47 134 2362
81 144 16 148 1507
35 139 146 109 664
46 54 68 125 1095
13 116 46 200 1117
130 86 97 12 277
79 112 65 165 2634
166 186 176 179 337
167 192 97 146 922
11 70 117 173 2381
191 117 38 137 1844
45 7 36 156 1796
50 184 27 202 1619
46 7 11 55 2371
50 23 67 24 514
126 80 103 145 953
138 123 100 165 711
5 65 53 52 794
53 195 164 165 971
58 79 184 31 357
164 155 161 158 154
15 34 187 181 750
87 144 42 159 444
35 191 30 174 1173
27 50 165 71 676
132 143 166 7 574
47 58 135 120 2253
83 82 19 172 662
185 30 193 125 2548
121 114 186 136 1006
116 24 26 127 1270
2 35 98 116 1230
169 109 156 172 593
85 41 47 200 1731
163 116 8 142 1265
51 88 173 171 1299
138 28 195 143 558
48 2 114 152 176
117 112 156 30 2452
120 125 172 112 2763
70 62 37 37 1940
35 121 58 143 1238
89 156 195 191 1344
49 11 67 164 1529
178 142 115 24 1686
92 100 105 60 665
41 83 100 25 954
30 32 50 37 2203
13 53 141 173 2208
165 31 86 63 2921
32 63 176 119 423
104 120 97 30 1228
39 62 38 53 592
158 123 46 102 349
62 180 186 100 106
49 96 54 192 1579
93 202 143 62 1317
43 25 161 22 673
28 31 183 79 106
33 53 52 104 548
27 83 85 180 114
28 7 39 117 1383
26 183 188 179 82
115 188 180 3 971
28 124 62 100 336
58 121 166 18 1418
7 45 46 41 2277
70 26 22 146 1585
193 127 86 105 1002
2 12 96 25 1076
46 67 92 97 1546
18 12 95 11 1723
164 4 46 43 989
163 2 37 195 1014
121 185 25 3 1314
181 96 11 3 1615
200 2 132 100 888
50 146 159 108 1661
115 143 161 98 2454
38 56 173 105 564
56 109 97 36 914
188 184 118 7 165
106 39 115 168 1847
152 86 105 76 2601
20 186 184 140 1803
125 80 190 83 1047
156 150 87 145 209
11 108 172 168 1262
2 28 143 152 699
61 75 63 49 858
185 73 114 102 1071
114 74 28 63 370
87 193 173 72 1244
180 66 144 119 221
72 102 158 126 712
112 162 93 88 1406
167 121 103 43 902
27 92 60 18 435
63 84 94 11 143
47 101 88 161 733
155 193 63 12 22
52 5 161 18 428
86 13 50 161 1224
192 147 79 8 969
63 32 112 26 273
92 65 42 50 442
185 41 124 39 636
105 64 143 161 768
157 88 79 45 1702
164 84 110 92 907
39 139 164 187 306
138 43 101 48 883
29 167 59 198 723
102 3 2 12 1152
143 145 191 8 326
149 148 157 196 1272
34 93 39 191 1724
15 186 31 88 2856
8 13 2 31 822
176 161 170 67 15
50 137 192 10 1547
175 105 2 127 902
138 76 137 180 529
42 110 94 108 998
73 3 201 144 1247
77 112 12 98 1130
48 186 70 115 2036
166 192 143 192 1372
83 134 112 80 2068
95 34 16 74 369
32 30 98 88 2422
134 101 49 67 1801
132 200 192 134 1377
152 105 97 80 1667
89 2 36 107 1467
117 62 116 80 1095
23 113 196 60 784
39 38 88 174 1849
144 196 50 34 398
65 88 45 55 2467
16 114 147 51 1574
50 144 65 115 2268
14 67 50 49 1902
10 96 75 169 2891
31 157 5 196 724
43 164 189 63 253
75 22 34 110 1083
178 97 60 4 639
112 70 41 130 2728
100 143 163 12 312
171 152 192 24 1378
38 161 97 5 377
155 77 188 20 1034
147 138 100 118 683
64 60 62 156 829
176 158 175 169 557
200 15 180 110 806
83 151 50 11 962
114 115 191 166 1812
106 49 41 129 2027
98 192 83 40 1026
117 148 41 108 2191
158 23 156 38 762
85 160 164 4 51
110 177 83 182 972
145 92 5 43 512
29 25 180 96 43
69 116 115 39 800
54 134 38 112 1596
28 161 75 137 2475
88 98 146 176 1534
73 58 196 115 1705
12 157 112 159 284
29 33 23 65 697
101 41 2 18 393
117 181 58 63 1304
136 188 88 70 1241
146 44 132 200 1682
50 68 115 24 1272
27 114 192 145 1873
197 86 140 196 2162
27 16
1795 -1077 -1289 2000 1844 1576 1766 1054 905 1162 1336 1209 1332 1656 1470 579 24 -146 64 511 -2175 -605 -249 1251 -307 39 -130
2072 1970 2403 2149 1936 1387 1569 1309 1058 985 1172 1448 1764 1882 1641 1528 1391 -1716 343 629 406 -456 -186 -225 -82 176 -417
2318 2440 2642 2362 2060 1652 1533 -4807 1193 942 1922 1731 2163 -6344 1845 2012 2017 1471 724 866 596 -887 79 -94 -12 -120 -268
2489 2625 2393 2568 2219 1912 1651 -5482 1453 1295 1534 1972 2139 2383 -1285 2012 2160 1770 1586 1726 675 476 366 142 215 27 -122
2588 2841 2569 -7627 2467 1838 14643 -5832 1649 1924 1787 2084 2284 2544 2302 2176 2312 1991 1827 2005 1723 477 651 757 483 639 483
-9083 3423 3065 2940 2581 2128 2010 2120 1875 2026 -5717 2241 2551 2438 2552 2461 2600 2343 2066 2169 1928 931 789 1024 621 2130 -906
3831 3618 3320 3086 2716 -5672 2242 2379 2237 -5978 2250 2404 -7548 -7201 2832 2994 2865 2617 2526 2290 2485 1179 1069 775 642 -554 478
4114 3252 3498 3250 3012 2217 2451 2661 -7128 2539 -1661 2512 2255 -1648 3001 3134 2984 2791 2659 2431 2608 -4104 1716 986 127 -428 425
3695 -2050 3625 3417 3178 2948 2696 2865 2986 2726 3079 -7795 2522 3221 3075 -9242 2683 2577 2795 2683 1651 1747 -5555 145 314 -213 134
4178 -2419 3780 -2102 3294 -8484 2833 3348 3209 2951 -9046 2989 2665 2781 3672 5734 2786 1701 2992 2951 1809 1575 1845 231 485 267 117
4494 4298 4009 3630 3378 3282 3041 -9100 3358 3143 -2111 3587 2800 1218 3800 3693 -1023 1865 2551 2360 2052 1830 2001 409 632 589 298
4700 4474 3588 3392 3690 3515 3622 3351 3596 3753 3731 3847 4120 1375 2209 2065 2290 1977 2245 2484 2192 2290 2229 2369 237 -333 399
-13829 4751 3474 -10071 3853 3713 3677 3474 3179 2999 3881 4010 1828 1528 2302 2187 2407 2271 2079 2306 2470 2552 2718 2613 446 366 -1873
5142 4963 3631 4028 4033 3590 3814 3679 3470 3119 3007 4136 1548 1805 2076 2326 2633 2477 2676 2457 2633 2774 2595 2748 655 1240 964
5346 3806 3818 4161 4301 3728 3840 3558 3722 3388 3162 2914 1835 2516 2753 2578 2840 2638 -7699 2557 2758 2271 -6944 2347 -5751 2277 1084
4297 4063 4258 4360 4423 3955 3981 3856 4021 3490 3339 3478 2729 2830 -8400 3054 -8156 -7456 2495 2728 2526 2391 2282 2595 2456 2289 2146
83 121 146 151 3630
129 167 99 339 1775
322 151 223 301 5510
112 70 209 13 3331
50 193 118 100 3309
252 344 38 32 2692
231 331 342 198 2640
108 312 259 44 2235
141 331 71 84 1844
85 288 79 328 2633
44 302 166 173 4834
38 275 87 103 3784
149 87 188 281 2567
155 252 298 76 3252
14 290 221 154 2544
49 314 240 135 2643
132 196 295 339 351
111 12 156 133 3790
291 82 74 283 4256
218 334 133 127 3179
106 100 175 121 3004
244 290 332 265 2910
99 203 85 206 2819
53 128 173 248 3923
256 291 283 130 1119
63 124 344 205 411
167 182 11 2 2126
24 10 240 210 2297
223 163 120 236 5316
309 176 222 57 1646
140 246 232 254 3535
282 226 151 264 3858
217 302 9 203 2780
264 76 302 102 4642
335 295 133 153 4308
15 304 161 151 2450
174 161 127 220 3097
49 34 21 197 3923
312 9 328 67 2875
339 242 270 312 3778
188 34 161 226 2867
266 193 135 229 2755
213 67 99 71 2675
84 217 84 18 574
214 49 160 250 292
217 81 311 37 1801
38 129 321 109 1688
2 133 98 142 60
155 322 332 328 2531
119 193 275 223 3717
102 284 333 67 2918
295 57 283 87 2436
246 186 291 217 2806
282 23 228 24 2808
41 269 159 270 3144
280 132 312 260 520
104 74 74 99 763
29 247 293 183 1789
251 325 239 151 2119
325 73 149 40 1653
141 82 62 259 4218
99 77 115 61 252
70 62 154 253 2777
73 312 98 100 4328
137 117 145 45 118
155 133 260 323 3164
44 181 141 103 1965
270 58 63 325 1756
198 153 145 220 1841
243 205 74 42 1112
228 119 55 48 3003
154 84 118 67 2018
125 210 101 176 4124
245 83 157 69 2291
134 138 41 53 2695
83 135 107 175 3339
260 3 29 337 144
323 70 6 140 689
96 11 265 319 933
225 315 304 203 3879
50 246 260 87 3433
245 301 32 314 2727
259 92 49 72 3141
249 240 183 29 750
127 246 290 210 3356
167 307 46 36 1725
106 231 250 41 268
18 13 128 278 575
121 48 163 19 1823
295 211 65 274 249
42 188 241 134 1050
153 133 138 280 1929
265 290 269 333 697
261 167 50 42 3724
297 313 261 275 2459
14 259 301 77 3233
118 16 7 148 3156
237 156 92 191 3441
208 68 2 117 2701
146 178 137 307 262
110 133 90 161 3152
158 106 64 191 4107
47 225 274 343 397
38 338 265 71 515
324 297 115 129 2234
327 34 295 302 110
87 239 95 203 2233
107 110 94 248 612
25 269 17 39 948
245 143 84 18 4108
207 208 178 78 2548
79 315 245 302 2515
284 73 115 124 4663
310 157 331 42 2100
205 204 335 71 860
112 217 39 274 3039
265 282 307 310 2411
91 23 265 248 2509
239 300 122 248 3346
240 119 298 283 458
90 252 12 89 2778
39 150 109 13 2679
79 87 186 120 3042
267 325 2 239 146
15 73 23 333 1503
218 34 141 293 551
65 243 177 314 1443
135 330 335 339 794
97 66 5 46 1526
9 69 307 287 2432
117 286 104 333 854
4 172 238 51 4321
314 264 67 184 315
199 157 319 217 631
154 185 61 103 439
47 59 119 84 3153
340 154 77 84 2543
111 163 77 317 3557
67 317 44 110 3333
108 221 145 241 2417
39 243 169 291 1688
299 82 167 165 2390
237 168 122 166 4749
244 251 299 243 1994
324 72 135 57 2555
228 313 55 59 2869
28 291 66 139 146
22 94 174 219 2819
6 291 311 328 1203
325 129 239 344 2566
221 150 70 96 3014
280 273 283 158 1232
195 53 24 168 2265
158 170 261 259 3823
302 318 323 92 2685
246 253 60 195 1656
13 51 163 85 581
32 31 294 146 2840
137 299 342 74 3970
300 23 177 39 3266
149 155 177 144 27
28 170 254 154 927
293 125 312 63 2086
201 167 162 313 2783
51 288 202 321 3184
110 39 69 119 1886
58 109 228 104 189
345 200 59 79 2690
30 295 181 210 1277
19 235 344 284 2949
107 171 14 319 3341
320 84 76 14 583
31 24 84 117 2242
44 124 24 15 2395
295 262 311 163 3829
53 237 266 199 2017
267 34 35 161 1893
51 328 14 94 2705
125 172 77 219 614
321 56 345 15 1351
295 239 54 106 51
1 342 326 208 2188
134 325 125 84 2060
328 45 178 321 754
342 313 89 266 2480
214 327 194 43 76
154 270 206 99 599
21 323 263 327 3959
36 70 106 220 3609
121 101 133 55 3400
57 161 9 84 3057
169 165 260 5 2295
178 133 276 286 859
262 98 305 99 839
298 120 5 255 890
104 65 169 91 601
264 235 204 290 3593
140 174 338 125 46
173 157 132 204 228
23 12 313 127 3463
345 33 38 94 2417
228 182 51 85 3049
4 315 172 275 2317
69 4 273 57 2800
204 137 141 42 739
75 155 254 248 3872
102 66 73 284 4525
329 315 12 67 3571
174 189 165 167 2430
111 66 80 300 2154
101 40 238 4 2382
16 237 256 176 1861
21 184 267 25 2149
49 119 45 337 55
54 175 18 282 4156
312 277 220 100 1955
290 50 168 54 3798
56 170 175 236 5067
249 321 13 228 689
64 66 85 227 4492
51 291 223 73 4443
261 254 37 169 892
120 146 81 140 144
266 342 123 173 3898
206 93 117 39 2951
177 4 338 238 92
122 99 97 317 1187
144 339 305 37 721
29 172 38 330 645
103 221 240 16 2081
149 123 333 247 736
256 123 324 336 452
149 160 29 152 218
72 72 101 220 4046
63 83 318 235 624
65 318 85 161 2835
164 322 272 1 4519
36 84 163 223 3989
264 39 97 185 1907
229 224 188 104 843
178 93 51 312 2372
112 203 339 333 726
72 286 333 174 164
126 277 97 139 360
130 324 30 270 2347
248 119 83 27 3432
85 175 89 240 3766
248 122 70 44 2519
109 299 235 146 3868
278 194 71 39 2703
143 11 184 122 2382
301 220 36 44 3148
202 60 27 56 2213
121 169 33 217 2128
288 184 36 133 3435
157 71 83 47 1989
267 4 340 278 2838
106 62 51 73 4292
232 224 212 323 2910
134 338 39 177 1218
319 219 135 197 462
57 215 149 106 1334
143 271 272 308 471
96 54 142 194 106
60 235 226 94 2636
118 239 291 212 2560
256 109 316 27 1144
39 222 336 163 440
18 99 260 35 3891
54 321 252 143 4251
62 184 25 244 2581
47 312 47 315 3195
91 171 295 217 2644
72 197 183 57 4024
253 227 294 272 4362
260 182 64 87 2758
135 97 97 244 271
308 247 308 224 1009
244 17 322 125 1704
182 65 134 25 2453
199 64 141 87 2454
182 266 240 247 2254
41 270 261 211 602
96 178 72 81 18
112 202 334 203 3006
138 22 282 122 3185
53 96 203 293 2735
176 44 115 29 403
283 290 100 85 3122
110 200 297 343 2030
182 89 53 64 457
234 110 312 247 2223
67 136 118 157 1771
38 269 256 37 1045
246 218 234 221 2010
295 214 149 302 430
311 291 345 316 1285
328 109 57 149 1472
235 219 80 281 2519
115 163 252 5 4147
39 197 87 209 3053
138 61 118 21 2849
87 213 262 38 2958
197 163 171 20 2703
16 290 252 159 3247
272 184 192 108 382
104 109 241 308 1206
57 25 28 135 569
96 302 52 231 56
278 2 251 198 2880
173 344 82 96 558
191 14 311 323 3758
151 111 71 248 2465
256 253 103 309 1589
13 63 265 333 218
181 220 265 296 1077
126 100 177 133 1796
19 143 200 333 2730
299 253 12 239 3713
339 146 253 260 3736
219 260 313 146 3786
133 36 210 247 4417
98 81 128 109 2510
21 224 7 269 3022
312 319 298 265 3213
226 35 299 27 3648
12 146 110 193 2975
244 53 121 77 2740
91 256 57 264 904
111 174 19 324 83
328 34 250 144 162
322 38 170 117 2016
241 143 220 277 2225
183 58 208 200 2041
267 81 110 75 2456
128 327 18 242 3955
179 149 39 310 379
206 250 38 229 482
194 342 31 262 574
301 60 78 132 2520
37 220 310 48 1781
265 110 165 25 2735
288 302 240 107 2417
31 28 74 145 1997
214 328 238 115 142
202 252 304 53 1880
168 313 75 218 2326
305 107 105 65 2615
122 133 120 219 364
137 165 321 300 1948
42 178 269 338 657
125 94 294 331 588
123 53 149 66 2401
238 215 242 304 4007
143 102 90 29 1946
25 151 210 333 1454
266 242 36 283 3714
119 282 321 101 639
167 56 277 122 4852
135 60 138 39 2370
43 98 263 119 191
260 2 307 36 2192
280 79 119 32 2462
79 305 184 136 2758
261 1 270 101 2459
205 105 10 145 2212
145 158 6 179 1519
176 135 171 232 689
115 269 145 123 800
307 328 252 96 127
177 210 43 197 2855
155 227 6 184 3654
163 13 13 320 2435
192 215 178 325 1910
156 246 227 34 3859
321 210 267 252 1735
340 329 161 67 3623
210 92 291 134 2273
244 267 271 145 2544
223 239 234 59 684
289 4 37 305 3906
221 89 312 98 2447
324 138 172 47 2399
21 53 232 237 3671
217 220 87 255 1421
264 244 42 58 807
335 119 54 125 3982
154 44 81 345 2337
57 252 107 270 3020
65 82 151 61 2495
4 217 269 118 2870
291 256 116 73 1462
126 198 311 259 1521
277 120 232 173 1017
291 287 24 203 2633
189 16 215 21 2187
270 155 217 121 2989
253 301 175 191 3996
90 297 138 325 2596
144 51 103 219 3366
250 126 97 201 241
345 217 95 115 2383
262 175 237 76 4501
23 291 64 23 2850
269 194 300 319 2386
51 29 21 155 3391
196 199 5 246 613
99 307 143 71 2037
163 38 113 323 2695
201 307 38 110 11
203 203 291 67 2440
232 65 273 148 2962
109 276 317 338 916
155 13 118 228 2699
283 323 269 43 2732
274 228 68 267 442
232 248 42 181 2196
4 313 124 253 2475
169 174 194 113 2057
34 151 94 137 1615
38 238 159 239 4043
300 339 111 35 1994
228 87 163 85 3148
55 75 123 109 3641
20 252 121 163 2865
52 302 308 38 273
322 48 162 110 2766
333 326 229 63 2938
106 260 321 219 3035
89 98 176 57 4081
262 125 245 263 3809
91 305 98 264 4436
28 5
65 -154 4 -41 -232 -76 134 390 201 345 1488 1359 1492 1671 2191 2452 2700 1639 1810 1669 1765 1662 1175 1062 1296 1090 1300 1349
175 53 124 -157 1 215 363 494 224 521 1933 1783 1677 1905 2232 2372 1517 1776 1966 1845 2019 1760 1732 1864 1557 -3735 1455 1564
0 272 27 -21 158 -27 101 -624 520 -1962 418 -5723 1874 2151 2427 568 724 981 2173 2050 2321 2025 1921 2155 1840 1603 1357 1587
-683 528 298 141 389 687 387 527 -507 995 672 913 2600 2331 2629 1049 1010 1116 2103 2208 2613 2459 2173 2274 2104 1901 1910 2174
891 692 1058 911 1073 888 605 -2226 1033 1247 1054 839 563 2498 1308 1158 1293 1441 2222 2432 2761 2923 2338 2561 2304 2178 2018 2125
70 19 14 32 815
14 57 75 37 1930
75 29 51 102 2912
44 77 80 46 1450
3 63 28 90 739
104 73 39 78 232
13 46 83 84 1942
67 49 30 20 1991
11 44 61 12 187
21 107 34 54 1564
73 102 54 24 1248
24 53 11 95 2778
13 100 87 37 1827
39 79 79 17 326
20 52 80 78 1594
108 20 12 2 2360
110 69 104 44 452
35 12 102 100 400
22 106 37 35 2193
90 46 57 22 2452
73 44 93 66 1297
80 34 101 8 2571
66 22 95 75 1588
13 53 104 59 750
79 94 44 69 263
101 20 94 106 1020
97 9 75 51 1230
76 74 10 103 1619
47 83 80 14 2356
4 66 48 68 2068
84 100 10 76 1779
58 67 31 29 2460
2 18 3 38 2493
99 83 47 15 2155
5 50 76 55 2621
68 57 58 31 2272
95 25 32 58 2697
82 48 34 46 2293
77 24 94 72 1110
61 50 33 70 45
48 41 112 58 2409
9 28 61 73 571
35 31 37 111 1771
17 62 42 82 1191
51 87 25 36 2115
15 36 94 93 2020
57 30 37 42 2122
20 94 8 23 1949
62 44 82 46 1286
38 71 82 98 889
82 28 37 13 1055
3 32 21 59 80
18 11 29 57 1218
80 58 78 72 1266
5 84 84 98 2302
97 46 43 62 458
76 95 37 30 2421
58 103 83 51 2646
71 21 80 73 1191
11 45 19 91 1125
70 90 20 73 1455
46 97 55 110 212
9 97 13 102 597
14 78 58 30 321
90 56 12 58 2363
5 90 85 34 800
20 20 46 80 1136
82 57 99 9 1422
84 40 73 93 900
58 49 100 34 1611
98 34 62 84 1067
105 66 44 31 267
95 47 61 104 309
56 35 11 85 2386
79 62 93 62 161
59 24 69 33 176
18 73 54 13 1686
51 91 18 31 1616
91 57 23 66 453
17 51 73 35 1640
100 84 54 103 2449
18 82 33 35 3185
43 8 3 109 2314
42 18 75 23 1959
53 71 64 11 306
8 47 87 35 2459
62 103 22 53 469
70 106 54 83 673
7 70 54 55 2606
99 42 32 77 1873
93 110 9 22 719
14 43 95 36 2036
76 108 60 89 2844
101 58 29 38 2805
95 5 76 8 2324
64 99 45 69 52
105 107 18 44 805
13 47 48 84 2365
23 30 27 99 2246
20 77 76 83 1867
80 104 23 14 1886
12 110 75 53 336
70 102 84 83 1762
13 35 30 70 208
5 50 99 1 216
18 27 106 42 1984
41 53 46 14 2400
7 89 67 101 1633
85 9 37 101 1271
13 27 91 87 1851
2 85 55 76 2708
33 70 55 53 2981
4 66 73 14 2222
65 55 39 26 733
32 5 26 87 1023
4 57 105 79 613
93 90 99 92 1246
66 13 73 94 333
87 36 53 82 2033
45 61 58 17 284
60 110 14 49 1914
65 47 104 9 86
95 14 100 59 582
66 5 51 75 111
80 73 27 102 298
51 12 1 71 224
14 16 4 67 2876
52 66 62 103 762
91 16 45 107 1099
46 48 104 103 1793
12 63 33 12 521
76 80 51 38 1473
39 51 76 71 1011
61 26 38 93 545
52 43 97 35 593
83 69 92 93 1415
35 24 5 109 2645
17 66 79 40 622
72 46 25 13 2302
100 100 57 46 2145
