3
5 5
187 464 482 452 213
223 186 445 475 240
-151 455 491 488 286
268 567 540 522 320
317 612 587 564 331
7 8 13 25 596
12 17 16 19 232
1 15 2 1 376
5 22 20 11 509
1 3 21 4 599
7 1 5 16 483
3 1 13 19 263
8 21 7 22 584
21 5 14 1 523
1 15 7 20 211
13 1 20 25 502
4 17 25 15 361
19 5 23 9 274
1 12 17 4 464
21 4 4 8 534
1 4 4 2 344
1 23 5 4 323
14 19 13 4 309
12 17 8 13 651
11 20 6 23 491
4 6 16 21 507
15 1 18 24 251
24 13 20 1 219
21 4 13 21 636
17 9 14 23 515
5 7
374 432 445 460 494
-1150 456 472 3567 543
216 277 262 496 400
239 293 431 463 412
275 317 281 482 432
310 346 64 82 39
321 389 90 107 85
31 23 30 33 294
2 2 31 13 512
31 20 3 30 337
18 24 34 7 544
2 29 34 9 437
20 16 12 8 458
35 2 31 20 341
7 35 16 2 499
9 3 27 3 106
8 1 16 31 126
2 3 28 23 424
9 14 31 9 109
2 23 22 34 441
19 26 15 32 501
20 34 24 14 303
24 35 27 8 527
30 10 31 10 297
29 23 34 16 588
22 2 3 35 484
13 30 35 23 93
33 7 34 29 247
13 8 21 24 124
28 32 4 24 395
1 33 15 27 451
25 10 1 13 335
23 23 21 13 346
1 1 3 9 444
19 12 30 33 512
35 29 26 30 321
15 17 8 1 78
35 24 15 34 90
8 32 4 27 480
12 33 20 10 284
3 9 2 1 395
10 3 16 13 146
5 6
360 373 330 376 429
388 412 388 396 441
469 425 403 434 465
163 175 414 446 475
173 200 505 462 485
236 246 273 284 245
24 22 23 7 358
20 14 23 5 478
3 22 18 6 444
14 29 17 25 474
26 6 22 14 222
4 5 24 5 396
5 12 5 22 523
14 12 21 8 247
24 21 24 29 306
30 20 25 22 449
3 22 6 30 390
21 24 5 10 548
6 21 17 21 283
1 28 29 19 220
14 27 24 5 488
4 21 13 12 436
19 5 5 12 509
10 6 27 5 517
29 5 4 6 448
18 17 24 19 461
17 22 1 21 248
19 17 4 12 448
5 29 30 15 443
12 17 14 18 292
25 22 14 17 479
3 12 22 15 405
6 4 5 28 209
14 10 29 18 308
17 23 13 30 402
21 19 2 3 438
