2
75 76
351 4976 2261 4927 2537 4985 492 4886 2276 4912 245 4974 1726 4991 2921 4993 1730 4913 2756 4948 1485 4992 1242 4982 4669 4995 942 4973 3391 4970 105 4984 3574 4940 482 4982 3711 4866 4491 4958 2308 4973 2133 4923 4645 4974 169 4972 2227 4968 2561 4989 3983 4974 1945 4927 1946 4944 2311 4957 3848 4977 2440 4982 3317 4958 951 4928 3630 4986 1863 4996 139 4996 3803 
4982 3271 4979 2474 4883 2647 4914 265 4914 2955 4900 162 4965 3828 4979 258 4958 4720 4925 645 4974 3510 4951 4800 4958 4168 4973 2315 4994 3124 4927 1759 4930 556 4959 1273 4946 3426 4947 4808 4996 2606 4910 1473 4996 2370 4913 339 4976 1403 4881 1602 4991 1175 4930 985 4900 1847 4945 491 4996 3593 4986 3394 4914 3471 4928 2893 4980 531 4991 3291 4937 949 4942 
4505 4889 1151 4860 3045 4952 2011 4918 1702 4987 378 4912 1273 4964 4130 4987 3892 4952 1734 4954 3743 4955 2252 4974 3544 4934 1316 4899 2092 4999 3622 4952 1063 4999 4606 4995 4719 4991 2237 4984 2091 4895 2889 4940 1445 4982 2136 4950 3249 4997 1738 4800 716 4830 1182 4912 882 4910 1262 4946 2413 4939 1580 4995 3802 4999 940 4976 2279 4963 3968 4976 4055 4933 177 
4977 2353 4972 4077 4901 3068 4916 1737 4952 3160 4960 675 4965 2856 4957 3336 4932 3286 4840 1794 4933 4665 4962 1275 4934 1573 4919 1751 4869 2695 4999 1884 4902 2535 4945 3485 4970 168 4996 3497 4977 2776 4945 4660 4936 466 4953 3420 4964 4780 4939 1223 4964 1378 4957 3609 4999 2702 4946 396 4942 3790 4914 469 4928 4762 4984 2269 4990 4821 4938 1077 4930 3319 4898 
1172 4995 1223 4922 509 4974 773 4962 3781 4997 407 4954 3616 4964 4605 4982 3029 4972 834 4996 1430 4990 1524 4986 83 4897 799 4906 1591 4904 3745 4979 4680 4918 3433 4970 1095 4998 3878 4946 1321 4981 4541 4975 470 4965 2293 4966 2847 4980 4426 4993 2753 4941 3306 4923 4756 4983 175 4999 3297 4967 2844 4960 2545 4904 1757 4983 1524 4991 2129 4965 2906 4985 4288 
4963 3584 4866 2964 4966 3309 4980 3012 4925 4227 4962 2965 4996 1013 4855 4872 4961 4669 4904 446 4926 1882 4997 2232 4986 3256 4954 964 4963 4798 4960 2264 4918 706 4921 803 4998 3328 4964 341 4909 1719 4984 4992 4930 1400 4917 793 4963 2794 4980 859 4868 4713 4849 49 4927 4377 4950 3578 4946 3544 4976 1608 4950 3418 4988 3527 4949 1110 4911 4175 4994 3603 4993 
4284 4998 3188 4888 4340 4986 632 4975 2139 4998 4028 4964 591 4866 439 4902 1036 4947 3974 4983 4709 4982 4352 4958 1351 4988 1918 4907 2775 4999 2470 4973 219 4950 2620 4981 1287 4944 4212 4951 4665 5000 514 4940 4658 5000 560 4970 2668 5000 1700 4919 2864 4988 3436 4872 1172 4978 512 4922 2962 4956 541 4949 1535 4973 1660 4950 2131 4936 503 4974 4272 4969 4087 
4974 1855 4948 1149 4948 3527 4921 980 4998 3096 4928 2537 4974 2726 4891 4913 4947 3230 4971 401 5000 231 4988 2333 4972 2543 4893 3147 4941 363 4931 271 4982 1243 4921 394 4954 1860 4906 3731 4969 1393 4955 4048 4993 1212 4929 1454 4960 3321 4996 153 4996 1983 4981 2007 4937 2484 4857 2626 4943 2474 4918 1424 4890 1539 4921 3983 4945 3057 4967 857 4980 542 4972 
2369 4972 1428 4933 3116 4911 2950 4966 2417 4973 3029 4928 1865 4875 2488 4854 4235 4995 4686 4943 4655 4994 1262 4901 1773 4997 4813 4970 1216 4964 2374 4987 1869 4928 4632 4962 379 4959 84 4862 467 4974 2898 4927 3647 4924 1893 4982 4078 4906 255 4979 735 4960 4764 4934 4490 4959 1141 4989 2924 4999 1174 4952 3516 4967 3926 4943 4875 4980 1187 4956 4743 4961 780 
4863 2941 4889 3148 4931 2769 4991 2297 4963 3158 4954 347 4955 2447 4923 1890 4886 1440 4874 1463 4965 3442 4995 3848 4884 1265 4997 736 4927 3678 4943 337 4951 2086 4909 2983 4966 474 4910 2722 4955 3739 4879 399 4907 824 4914 2198 4932 396 4999 550 4953 3738 4969 3727 4980 639 4977 1989 4959 4519 4919 4790 4977 2817 4828 3468 4927 4699 4989 3777 4998 2855 4955 
1547 4995 3036 4930 393 4980 4984 4975 4762 4924 2650 4893 2481 4878 2451 4937 4561 4976 3170 4979 3015 4910 2334 4994 4002 4992 515 4972 4205 4866 4148 4956 2562 4923 4950 4930 1095 4990 2081 4948 3186 4953 2230 4982 467 4960 3978 4958 2666 4986 2438 4975 3525 4886 3593 4998 2022 4997 4199 4990 4425 4943 4035 4973 1868 4900 3485 4996 4563 4910 1118 4869 3608 4952 1427 
4960 3805 4992 4641 4990 2059 4967 4093 4913 276 4957 3923 4932 2522 4916 1828 4848 3488 4913 2109 4999 2332 4945 3896 4923 2554 4950 553 4986 3861 4909 571 4988 4873 4946 4223 4948 315 4933 3023 4965 2023 4940 4033 4959 88 4941 4758 4969 1954 4923 4630 4964 1978 4984 219 4919 1549 4971 272 4915 4376 4907 932 4876 2020 4972 557 4976 1547 4976 954 4980 502 4963 
2324 4894 2974 4882 2560 4815 3182 4995 2843 4992 3772 4916 3040 4914 1617 4924 4177 4962 1733 4934 2511 4848 1355 4991 2922 4939 1105 4929 3038 4994 1089 4902 1607 4872 2229 4998 2815 5000 2653 4876 253 4974 2819 4896 2864 4941 2733 4990 4556 4892 4258 4959 948 4965 13 4919 670 4813 1435 4932 2857 4955 3517 4935 1086 4964 2244 4999 1936 4970 1998 4927 2653 4964 2219 
4876 2155 4978 328 4970 781 4971 62 4992 4924 4948 4446 4998 1607 4933 4740 4975 2391 4917 2085 4992 2387 4864 3573 4912 3442 4970 2797 4956 645 4918 1925 4998 215 4998 2036 4997 3856 4908 3944 4969 812 4976 2470 4976 4585 4959 200 4931 2381 4894 570 4955 2909 4965 2805 4935 3487 4945 3262 4930 712 4952 3594 4978 1627 4966 128 4889 1100 4870 1071 4984 4304 4928 
3464 4934 1980 4953 2125 4978 1083 4963 4492 4996 847 4975 3376 4939 9 4970 4685 4937 2449 4932 4033 4954 236 4957 4088 4928 4662 4980 4181 4949 1795 4938 1157 4869 2341 4971 3423 4970 4883 4962 1840 4986 367 4900 393 4867 2284 4985 1151 4948 1695 4994 2193 4962 2108 4876 4548 4969 3464 4974 3275 4962 1508 4990 1982 4968 4309 4970 3168 4969 2032 4907 44 4969 294 
4979 1587 4860 3526 4955 779 4964 4638 4988 877 4803 3001 4970 1852 4952 3848 4940 378 4990 2433 4946 1709 4934 2927 4944 3671 4995 1467 4990 3009 4885 4305 4974 4844 4959 1669 4986 997 4892 4621 4953 2152 4943 2171 4949 1404 4916 295 4967 2237 5000 4663 4962 4436 4910 149 4998 4177 4859 1128 4903 23 4921 1348 4994 4059 4981 736 4978 3252 4878 3361 4994 3811 4961 
2664 4993 943 4969 2234 4977 2881 4895 2016 4960 268 4955 548 4960 3559 4986 2716 4954 604 4888 2503 4959 2387 4959 3961 4957 581 4998 4725 4870 813 4947 2971 4974 3264 4993 3733 4907 3452 4824 2478 4922 859 4981 4980 4958 702 4945 641 4979 3241 4989 1438 4986 2961 4916 2312 4967 3280 4915 1313 4954 2167 4936 35 4947 1556 4992 2665 4962 620 4929 1732 4994 670 
4933 343 4989 599 4959 4578 4954 2824 4965 2610 4979 2610 4927 3344 4922 4048 4893 2657 4954 2846 4904 3911 4965 4763 4931 1089 4969 871 4967 194 4962 2125 4982 4795 4922 1890 4969 568 4997 6 4945 2936 4992 216 4977 3132 4945 4387 4905 3867 4988 2717 4980 2776 4914 2671 4982 3086 4936 2943 4996 2802 4993 3095 4950 4330 4946 3611 4987 3526 4981 300 4838 3066 4932 
564 4941 260 4922 684 4922 3657 4939 85 4934 1091 4989 2851 4930 41 4991 4528 4864 4567 4991 4859 4955 4654 4962 2224 4844 4115 4850 4280 4974 1235 4974 3254 4992 872 4914 2288 4880 629 4922 2358 4904 2787 4925 3879 4927 4081 4904 4798 4840 3767 4906 53 4979 4645 4928 1168 4950 4742 4962 2454 4954 43 4996 3364 4875 3847 4992 667 4923 887 4937 4859 4876 4189 
4933 2329 4941 4054 4983 3740 4933 1241 4993 3773 4978 4008 4984 575 4909 2942 4972 1153 4982 1106 4942 1259 4952 3838 4978 3184 4979 4675 4852 1031 4974 2627 4903 3141 4974 1870 4966 1707 4982 4004 4993 3417 4918 1479 4861 359 4980 3212 4992 473 4935 756 4958 3997 4950 217 4975 868 4947 1032 4955 2742 4954 2495 4973 4686 4985 2487 4910 1062 4938 3730 4953 283 4861 
3823 4998 4686 4996 4418 5000 753 4984 3740 4976 891 4984 1999 4985 2389 4954 203 4903 4598 4967 2899 4940 2555 4942 4592 4997 1800 4993 4581 4986 4261 4977 36 4979 1452 4989 1286 4999 1053 4961 3498 4990 203 4963 4518 4916 305 4816 3423 4916 738 4886 1628 4954 2642 4978 503 4900 3327 4923 2841 4847 560 4886 4189 4975 161 4985 260 4972 2079 4984 728 4946 4752 
4934 2991 4943 4073 4978 3447 4960 4325 4894 3500 4991 802 4990 4548 4934 1757 4933 2012 4921 1247 4963 4401 4928 2166 4974 1867 4948 3495 4919 4286 4944 3963 4950 3017 4925 3508 4989 1842 4949 4799 4991 3957 4922 140 4963 687 4970 4817 4941 3803 4989 1803 4992 4189 4988 599 4968 1666 4931 3837 4991 1063 4964 3942 4955 1977 4984 2019 4949 4738 4962 570 4975 2332 4976 
1246 4968 829 4976 3573 4977 1335 4967 2821 4954 2115 4994 259 4914 3645 4944 3609 4900 4275 4999 3892 4935 3723 4978 4420 4987 2663 4986 3083 4944 2252 4945 799 4988 783 4899 3825 4899 3847 4966 1525 4978 1 4967 4987 4872 3475 4964 4786 4971 2061 4938 3165 4920 2669 4892 494 4940 3216 4947 4063 4941 3576 4920 2008 4832 839 4937 2773 4993 4970 4924 78 4991 761 
4993 2420 4972 1064 4933 3073 4998 4794 4975 4500 4931 4527 4948 2156 4984 2105 4893 1186 4976 1247 4987 3117 4956 2247 4941 2464 4847 2985 4946 2245 4977 1108 5000 4943 4891 1883 4952 2151 4943 2073 4983 4906 4978 3853 4963 2830 4959 985 4959 341 4976 2194 4950 3419 4870 1291 4941 858 4862 639 4976 1542 4957 1839 4930 3128 4978 1161 4899 3039 4960 2697 4944 1001 4941 
2666 4989 2320 4913 1030 4998 2195 4915 2039 4971 2376 4960 667 4979 3771 4881 3269 4970 3372 4976 2341 4929 63 4956 2356 4939 4101 4958 2819 4995 3502 4901 4858 4883 2777 4999 4594 4994 2738 4930 309 4963 1483 4985 3552 4988 3311 4943 2659 4944 2311 4953 4696 4988 4311 4891 2029 4994 1754 4921 4988 4950 517 4904 4725 4979 3104 4961 2803 4905 371 4998 2861 4983 3696 
4908 4225 4942 379 4998 30 4914 2021 4940 4480 4847 1008 4995 2835 4983 1853 4853 4181 4928 2528 4900 2572 4905 3242 4941 3021 4999 3089 4915 2085 5000 4644 4962 4365 4924 4998 4943 2702 4959 54 4940 2333 4968 4794 4859 1388 4982 1407 4999 2187 4986 386 4975 3608 4932 3418 4912 949 4979 4157 4952 3072 4958 4648 4915 496 4938 2409 4971 550 4867 2318 4928 1655 4920 
64 4931 2294 4898 2004 4966 4354 4968 941 4972 278 4847 1092 4930 4402 4956 3915 4930 1018 4870 4530 4878 4094 4879 1106 4965 3128 4996 501 4961 3450 4971 2594 4944 995 4983 2057 4954 4002 4930 1978 4954 2075 4868 1605 4979 2438 4989 4895 4932 4930 5000 4691 4990 2013 4931 4957 4979 921 4975 2080 4996 1007 4889 3523 4939 4199 4971 111 4889 4402 4991 4888 4975 4834 
4930 2339 4943 2550 4823 4974 4899 3705 4949 4718 4930 3673 4948 2690 4935 466 4958 4309 4906 4401 4963 1194 4970 50 4908 2617 4979 2447 5000 4419 4924 1556 4901 3131 4964 2972 4966 4990 4908 1380 4892 208 4977 1353 4879 2061 4983 4998 4932 4532 4943 3346 4941 1389 4963 930 4976 4310 4994 2451 4932 422 4953 3935 4997 4071 4965 666 4968 4599 4970 4966 4928 1965 4986 
776 4980 1570 4964 4447 4997 3102 4970 2724 4936 543 4992 3908 4933 3622 4894 4453 4965 3326 4984 1462 4982 383 4900 1988 4891 3970 4963 821 4973 1505 4986 4256 4919 32 4915 2557 4952 1204 4977 2819 4981 2446 4996 3941 4950 2425 4997 2734 4972 4318 4998 3536 4889 2683 4984 3488 4968 414 4994 4524 4996 1620 4907 848 4978 1793 4983 58 4974 2059 4975 4146 4973 3062 
4986 2970 4941 2261 4844 873 4958 2323 4949 349 4908 1767 4939 665 4971 2054 4987 3064 4957 1396 4979 1512 4981 4488 4939 2860 4942 511 4977 4404 4923 3321 4983 4166 4994 1850 4992 4985 4995 254 4989 3364 4969 767 4926 4429 4842 1740 4998 1845 4992 1561 4991 2607 4944 1479 4981 2053 4880 234 4997 2018 4933 889 4941 4423 4983 958 4983 552 4964 683 4989 3504 4960 
2455 4937 1007 4897 2547 4963 1985 4940 3576 4917 247 4976 3197 4989 2868 4961 4237 4976 274 4985 3631 4963 754 4955 3116 4963 10 4938 2154 4960 1676 4867 3506 4877 4124 4989 2593 4999 838 4941 2832 4979 4698 4941 1150 4906 3310 4930 2829 4959 749 4993 622 4944 4648 4957 3181 4909 4879 4997 6 4997 3881 4990 3310 4991 1095 4994 3065 4933 1863 4929 3586 4952 1162 
4972 1437 4964 3669 4970 1530 4961 2873 4912 192 4931 1701 4974 2753 4935 3610 4892 3955 4960 2416 4861 2914 4952 1918 4949 1952 4942 1155 4925 4381 4986 2439 4969 3420 4935 4514 4885 1268 4941 769 4988 10 4925 468 4983 566 4908 3792 4970 3804 4962 3667 4878 1919 4982 4513 4949 4831 4989 1066 4955 3379 4964 1494 4973 3081 4986 552 4999 4437 4979 602 4994 3941 4990 
4593 4949 3687 4989 94 4938 2648 4934 1627 4926 1978 4891 3314 4908 4304 4984 1226 4964 4837 4959 1486 4903 4366 4968 3288 4846 3702 4953 182 4953 295 4966 4953 4868 2585 4838 4102 4986 44 4986 4746 4876 3617 4936 1819 4996 3771 4967 714 4934 732 4881 1041 4946 3431 4900 1608 4993 2123 4965 3125 4993 980 4949 3927 4991 4364 4868 838 4963 4372 4966 2442 4944 3653 
5000 2771 4965 3067 4992 3206 4958 3893 4987 3730 4906 708 4924 590 4914 455 4997 2136 5000 2078 4997 4227 4967 230 4876 1134 4924 2935 4930 1921 4996 1496 4967 488 4925 4135 4928 3606 4950 1966 4968 3645 4978 3652 4899 903 4869 275 4877 252 4949 2216 4969 2910 4948 2568 4992 2760 4846 2935 4930 3408 4919 241 4956 829 4909 4862 4945 4474 4945 1878 4994 4536 4920 
2026 4978 4028 4958 4749 4954 1203 4954 2788 4979 1905 4868 3 4827 4935 4995 3147 4972 4970 4917 4856 4958 1745 4980 2377 4967 4089 4921 1109 4976 1433 4976 2258 4952 1263 4905 4908 4979 1591 4972 4071 4966 653 4980 687 4894 2804 4877 4744 4950 352 4910 902 4947 900 4949 2761 4973 3795 4987 3309 4906 4309 4973 2245 4940 3230 4925 888 4934 3642 4907 3804 4925 2927 
4926 2993 4883 1978 4991 3988 4945 1463 4913 1171 4867 4829 4899 2111 5000 254 4975 4851 4979 1214 4913 935 4989 2170 4988 4451 4916 3190 4924 3844 4977 1401 4971 3199 4983 1755 4958 3721 4987 1000 4954 2438 4947 4890 4919 3156 4959 2894 4967 4021 4976 1958 4993 2640 4943 1829 4932 1090 4905 4727 4959 3487 4902 1892 4927 3057 4955 3389 4954 2468 4969 1539 4987 2380 4943 
1114 4920 2104 4944 1857 4952 1201 4935 4587 4932 2793 4974 4753 4942 3607 4927 2617 4945 3434 4922 2120 4959 1174 4986 420 4973 1664 4974 2502 4929 2296 4958 485 4968 3176 4942 1683 4991 2161 4938 173 4957 2040 4967 3320 4954 1264 4974 3903 4916 3766 4956 4133 4998 381 4983 2464 4941 890 4967 4635 4898 3287 4991 1789 4889 850 4889 3418 4993 855 4985 4653 4883 2973 
4935 1373 4963 116 4973 2504 4986 1430 4980 1711 4950 2899 4887 2959 4983 4651 4977 4297 4937 3131 4949 1833 4981 1188 4947 116 4959 4275 4956 3522 4983 1656 4833 4897 4937 4291 4996 2840 4868 2378 4864 1388 4905 2794 4896 2735 4874 1913 4951 1471 4983 163 4970 466 4878 866 4944 2601 4990 2841 4873 2651 4902 2108 4847 4942 4957 4140 4998 3089 4981 107 4865 486 4896 
3409 4941 4546 4994 820 4972 746 4986 557 4966 4877 4977 2328 4915 444 4991 481 4978 3365 4972 1373 4893 456 4966 3259 4886 952 4915 1726 4877 232 4892 231 4893 2986 4970 1419 4977 4098 5000 1597 4983 3386 4958 2977 4999 1738 4973 393 4939 2135 4956 3241 4995 1833 4979 4239 4972 569 4935 1591 4945 3496 4994 3928 4945 4118 4918 4133 4968 3505 4983 3917 4935 4881 
4982 3431 4878 2055 4867 1130 4920 4232 4939 667 4919 1214 4847 1788 4927 2464 4882 4129 4980 832 4998 2611 4901 2998 4920 3194 4990 2273 4960 4394 4958 2416 4895 1303 4929 142 4948 2338 4962 4739 4962 3190 4982 4523 4946 1128 4920 1759 4904 4931 4969 2296 4941 551 4924 4308 4987 3175 4994 1076 4995 2851 4924 1227 4943 2568 4956 3961 4978 1420 4982 1555 4979 3173 4984 
1479 4830 2163 4936 2417 4913 2614 4973 1614 4926 71 4954 2337 5000 4067 4974 4096 4917 3241 4879 1020 4948 3202 4999 2008 4994 2182 4919 927 4896 2612 4959 3646 4951 2369 4935 1063 4959 4536 4919 1600 4991 80 4922 4115 4967 3453 4990 3004 4965 4077 4961 2358 4950 1056 4935 1589 4980 1467 4922 1951 4911 2629 4940 1958 4965 4903 4938 2998 4875 4817 4991 2497 4970 4179 
4984 3524 4981 4555 4951 4184 4990 1774 4922 3683 4963 4617 4954 3741 4995 3521 4967 2093 4998 2019 4947 2109 4980 4050 4914 3361 4967 420 4954 2785 4958 4799 4988 2362 4982 2485 4960 1285 4984 4399 4954 3158 4992 4921 4949 3039 4941 2452 4913 4923 4962 3634 4975 2128 4935 3200 5000 2432 4978 3057 4976 2074 4981 421 4977 4937 4939 4309 4875 2110 4964 4617 4966 4344 5000 
4322 4974 2016 4939 3020 4885 1929 4881 3603 4917 540 4953 2420 4951 1348 4966 386 4970 2948 4911 4273 4931 2065 4954 2921 4961 1487 4905 2332 4988 2204 4966 3873 4983 2396 4987 4796 4911 2378 4980 4077 4995 2667 4974 1030 4928 1566 4962 123 4979 844 4939 2980 4965 1431 4955 3651 4944 1863 4973 1697 4915 1107 4946 1361 4996 3362 4964 79 4919 2641 4946 3240 4976 4387 
4986 376 4946 4887 4909 314 4987 1258 4960 2820 4908 1394 4856 1742 4928 4719 4981 3176 4947 965 4994 134 4959 1532 4961 2480 4965 2293 4934 4015 4948 1484 4979 2507 4946 643 4870 4910 4950 1838 4881 3681 4937 2453 4975 513 4846 1649 5000 2368 4870 4169 4902 1902 4955 4017 4856 1164 4908 1049 4952 3211 4933 41 4906 3870 4998 2827 4946 2518 4960 1465 4924 2060 4936 
2687 4977 2704 4908 4736 4997 1048 4948 3803 4890 4106 4989 2098 4960 4357 4948 2456 4894 3543 4916 1766 4990 3140 4960 831 4931 2714 4927 887 4981 3602 4971 2927 4965 1699 4938 507 4969 558 4917 1057 4951 2755 4892 4096 4902 2758 4965 1962 4970 1055 4920 3120 4950 2956 4991 1060 4936 3257 4947 1199 4955 404 4933 3711 4984 3348 4965 4416 4907 4858 4986 1543 4980 3238 
4889 1245 4902 576 4958 4839 4964 4987 4812 561 4988 2333 4977 778 4943 3486 4981 4422 4991 4878 4975 2266 4892 3587 4986 3092 4956 4934 4968 3176 4928 1029 4995 2770 4938 339 4967 3135 4948 3929 4957 1952 4959 891 4965 559 4937 1819 4937 2991 4974 3983 4957 2498 4996 10 4972 675 4987 4092 4992 2305 4927 318 4893 2504 4993 4554 4830 2983 4940 27 4986 140 4951 
1567 4928 1808 4889 3083 4971 3603 4944 2126 4953 298 4913 534 4937 4942 4997 1469 5000 4908 4913 1195 4978 726 4918 4682 4903 1233 4968 1211 4922 626 4924 1967 4984 139 4975 1895 4963 1448 4949 2451 4934 3392 4932 2406 4958 3693 4927 1872 4951 2076 4996 4929 4999 4682 4941 121 4896 1068 4923 2776 4960 120 4918 627 4896 97 4892 2485 4969 2039 4938 771 4989 1226 
4978 117 4988 4170 4992 1458 4949 3665 4958 3964 4982 2301 4935 556 4968 4954 4931 2190 4984 3547 4978 3307 4963 3677 4880 1785 4919 141 4974 4645 4976 4526 4999 2645 4977 2784 4991 2441 4941 1455 4993 1798 4964 99 4943 1974 4968 3663 4920 15 4951 3623 4951 1672 4970 952 4927 4917 4986 1070 4934 2154 4918 4327 4926 488 4824 4254 4893 2294 4953 1525 4919 2121 4863 
2355 4988 2258 4926 2719 4959 1630 4965 3758 4942 2608 4984 1147 4994 4279 4961 865 4977 4828 9 342 3 111 4976 4076 4995 1469 4975 116 4929 3488 4985 2317 4973 7 4975 2249 4982 4510 4976 4628 4997 1454 4912 2666 4987 4627 4988 1983 4888 1962 4955 2813 4964 2440 4934 4162 4922 4955 4985 4799 4938 63 4880 447 4923 1187 4944 2402 4972 3923 4975 4182 4916 4926 
4946 1369 4934 2934 4996 404 4965 2990 4998 4533 4976 4632 5000 4681 4936 3739 4965 2148 4972 3078 33 2291 4976 3587 4929 1085 4982 3519 4909 460 4927 4254 4870 1464 4973 3918 4984 404 4939 1708 4941 2678 4974 2376 4885 4993 4952 1467 4928 4695 4959 4486 4981 1253 4969 1172 4967 3728 4903 1686 4923 3065 4944 973 4923 210 4856 1879 4991 1084 4988 1040 4942 1268 4877 
3193 4974 4531 4980 33 4999 279 4929 2960 4910 4761 4952 2564 4890 920 4979 4994 4996 4535 4986 4380 129 1879 4975 3426 4995 3397 4939 741 4926 87 4984 903 4980 4565 4988 1901 4984 544 4940 1882 4961 3185 4969 1089 4989 73 4989 2957 4967 3600 4992 998 4928 1272 4926 3466 4992 3716 4987 1943 4874 1494 4944 3842 4871 2153 4852 605 4942 2304 4979 5 4951 553 
4954 2990 4980 1574 4996 4373 4929 702 4911 4262 4916 1220 4977 3398 4969 423 4894 1437 4962 2798 4943 583 513 1982 4961 4093 4995 2229 4917 2646 4995 2142 4944 1871 4952 3997 4996 3316 4950 2072 4905 792 4991 2557 4885 350 4944 2885 4995 931 4984 4480 4930 3515 4907 3844 4992 3090 4953 4377 4947 1643 4979 3455 4954 1173 4938 2634 4994 781 4985 1104 4977 4376 4997 
1455 4965 257 4893 4411 4988 2104 4979 228 4970 4636 4982 2811 4948 1970 4966 4811 4927 2579 4943 670 4942 803 4962 119 4914 4134 4994 4047 4994 301 4995 4117 4876 3113 4964 1549 4987 4145 4938 1276 4927 1398 4966 1207 4994 638 4958 3899 4872 1358 4963 4476 4994 345 4964 1645 4924 3623 4995 950 4949 3814 4930 1376 4939 797 4994 3024 4969 3291 4947 3966 4920 1748 
4940 1481 4964 1850 4975 744 4991 4460 4976 860 4940 1581 4920 878 4900 4745 4945 3259 4908 4909 4940 3094 1246 3012 4981 826 4974 2959 4974 374 4990 2304 4891 1538 4988 4656 4973 997 4962 216 4932 3445 4957 2921 4967 1074 4957 2604 4984 327 4984 4290 4914 212 4971 1089 4965 1392 4973 4356 4936 4699 4982 190 4939 1463 4940 3153 4944 2514 4974 4082 4955 498 4989 
1708 4907 777 4939 1215 4979 475 4862 1150 4970 4823 4940 96 4806 4184 4995 4384 4981 2541 4963 4186 4987 2205 4758 4674 4953 4366 4999 3584 4909 3003 4895 4495 4985 1690 4918 4069 4911 961 4991 1488 4997 4084 4909 472 4967 3848 4946 2509 4961 276 4997 1568 4877 2335 4914 1922 4914 1961 4891 388 4955 997 4948 2070 4915 3500 4970 867 4909 348 4931 3276 4949 3475 
4935 3399 4932 1527 4994 1307 4900 964 4925 1509 4974 2082 4913 2267 4924 3334 4986 475 4977 4557 4810 4120 4253 465 3525 414 4940 603 4984 4307 4965 3315 4863 4334 4991 4873 4889 3256 4944 4007 4955 2001 4999 1131 4951 4655 4933 2185 4978 1812 4895 1781 4987 4847 4981 4146 4976 2279 4939 607 4928 714 4991 4411 4964 488 4983 2791 4875 1817 4991 2742 4945 837 4988 
3080 4992 4968 4975 2443 4976 1765 4961 3918 4988 2733 4998 2337 4912 1042 4898 2515 4955 152 4935 829 4465 4712 4705 102 4942 2179 4992 2538 4895 3266 4993 4764 4994 4018 4936 4910 4956 590 4996 548 4992 3154 4910 1262 5000 4066 4920 68 4926 1760 4899 401 4970 3527 4922 1862 4926 2061 4906 3477 4885 2905 4974 50 4947 1337 4969 710 4868 1804 4999 4115 4958 711 
4888 3026 4986 4232 4962 3754 4934 2507 4958 4633 4892 4000 4989 4275 4952 4264 4918 3787 4933 1055 4829 601 4942 4641 4766 1281 4934 995 4923 3731 4986 437 4861 93 4923 4299 4913 272 4997 3741 4982 257 4959 446 4984 2643 4861 315 4933 3584 4969 60 4969 3293 4987 1661 4978 625 4940 2177 4933 737 4958 2907 4937 3582 4992 1956 4954 1325 4980 4583 4993 53 4949 
3478 4978 3900 4959 463 4993 2081 4983 508 4983 2195 4886 2702 4908 1385 5000 3378 4961 3031 4925 1444 4926 4025 4863 2075 4772 65 4932 2067 4991 1501 4992 3647 4994 3051 4930 3151 4954 628 4982 1484 4892 2839 4972 913 4927 3447 4934 4800 4970 398 4919 404 4919 4793 4922 4628 4998 3909 4863 950 4914 137 4970 1286 4968 894 4965 866 4902 3850 4977 2881 4873 3548 
4881 3496 4956 430 4869 4657 4969 4245 4964 1128 4968 2573 4875 2459 4988 1150 4921 325 4956 2886 4891 607 4755 3359 4891 4652 4930 1919 4943 612 4847 990 4917 456 4921 2040 4892 4750 4916 3402 4913 3990 4928 2681 4949 227 4949 1713 4904 1224 4970 432 4995 2173 4963 4202 4929 3632 4961 4136 4926 4861 4980 2278 4931 2074 4968 1382 4974 1432 4901 1199 4942 4660 4921 
524 4952 4606 5000 2089 4955 3459 4971 4278 4897 1204 4979 1868 4989 670 4956 2937 4979 1061 4822 3201 4945 2782 4873 3923 4928 536 4901 2545 4997 1165 4982 2967 4910 3299 4945 3048 4906 2883 4851 3597 4997 4263 4922 2153 4950 4108 4969 3087 4942 2558 4960 1737 4936 724 4971 2605 4920 4908 4914 334 4915 3204 4937 2947 4998 1867 4976 4874 4939 780 4966 1443 4946 293 
4984 4468 4948 62 4951 3914 4939 3531 4987 41 4850 4610 4922 3449 4920 302 4891 4948 4892 2828 4877 3389 4971 1742 4975 686 4938 4768 4935 1589 4940 4189 4901 4500 4917 2092 4857 1775 4852 2555 4913 3719 4849 679 4942 3659 4917 3089 4912 3110 4941 84 4911 1782 4931 3865 4961 4790 4975 2481 4993 4294 4981 3471 4994 2163 4899 1944 4999 1736 4946 4066 4968 91 4970 
1332 4966 1718 5000 2928 4986 1162 4874 2991 4811 413 5000 3228 4954 1205 4956 852 4950 909 4860 2939 4957 4422 4938 96 4957 115 4925 272 4946 4082 4936 4552 4968 915 4914 1436 4923 3839 4941 1196 4889 2881 4891 139 4946 436 4916 2761 4959 659 4932 4158 4975 3540 4957 3485 4956 198 4968 4075 4917 4936 4953 62 4958 3575 4848 3509 4927 4134 4986 1600 4994 3341 
4995 3588 4991 3929 4978 4498 4966 2415 4925 4636 4998 2694 4987 2134 4979 1331 4982 4633 4987 2194 4935 3485 4919 2471 4975 2519 4946 2034 4914 661 4875 1540 4926 1682 4927 622 4935 1369 4954 1760 4915 3645 4894 3452 4915 1574 4938 485 4991 1378 4993 1134 4911 1031 4967 4657 4899 4280 4968 837 4993 2420 4945 780 4872 2248 4980 4467 4927 662 4985 590 4890 711 4940 
2891 4918 4766 4968 3599 4971 4411 4942 2063 4976 770 4959 1719 4886 2600 4974 3445 4985 3015 4955 2447 4993 4136 4991 3201 4942 4102 4982 4816 4989 1176 4875 4424 4925 3606 4921 4406 4979 891 4972 1940 4915 122 4946 2361 4999 3553 4919 2761 4964 1336 4951 3713 4947 1621 4974 3222 4942 1280 4895 4725 4878 2181 4879 761 4912 4021 4854 3329 4897 4245 4985 1810 4934 104 
4805 1424 4957 1843 4954 2134 4995 4429 4978 1022 4963 2999 4922 818 4988 4408 4894 1519 4947 862 4864 2449 4895 2525 4959 2832 4981 977 4979 4771 4940 4101 4995 2533 4943 2255 4945 3803 4985 4786 4918 3135 4959 4627 4958 4527 4944 4066 4989 1314 4981 3987 4960 3740 4982 4539 4995 50 4906 3014 4984 3110 4970 2085 5000 4348 4869 2456 4929 2828 4997 1181 4868 859 4960 
4937 5000 4552 4923 4136 4983 878 4955 4015 4968 3269 4981 4813 4954 1585 4973 1121 4986 2918 4992 304 4955 4389 4995 3283 4919 88 4870 849 4955 1849 4994 3903 4861 4605 4902 3697 4899 902 4961 2112 4963 2387 4967 2610 4962 293 4961 64 4975 1149 4931 4274 4989 3593 4963 1926 4954 4328 4971 1231 4960 709 4918 4695 4983 3702 4947 4424 4957 4355 4975 1935 4941 4588 
4956 1296 4976 509 4970 4985 4996 2031 4933 1726 4999 1692 4983 3344 4949 3786 4946 238 4967 132 4961 3722 4894 2137 4970 3912 4981 4305 4837 1579 4995 794 4978 2532 4955 2515 4899 2313 4908 3177 4913 4077 4939 4326 4988 3214 4971 4431 4992 2757 4995 3077 4905 3665 4982 399 4950 1037 4931 4631 4937 2356 4959 1911 4999 3589 4915 4249 4928 1791 4936 4699 4952 4115 4961 
2369 4940 665 4958 3116 4965 1902 4934 3408 4900 4601 4963 2879 4967 4215 4989 3180 4953 1172 4992 3710 4951 4966 4973 2551 4917 1560 4968 2968 4905 2119 4835 1989 4960 114 4903 3889 4999 3935 4900 353 4958 2402 4958 2522 4986 4305 4922 2619 4983 765 4970 2881 4988 1478 4950 177 4954 1001 4956 6 4971 1797 4998 3789 4961 4396 4867 3766 4964 1919 4812 4829 4952 4632 
4983 4130 4938 1737 4904 3702 4944 374 4954 2776 4983 2591 4885 1783 4924 4454 4999 267 4980 2724 4892 3287 4975 4141 4957 1666 4852 4262 4952 61 4991 2314 4894 674 4964 2228 4924 669 4939 3841 4935 1263 4991 4981 4986 1799 4960 1781 4962 443 4999 201 4909 4645 4976 1672 4951 293 4966 4267 4950 1866 4959 2339 4927 1251 4868 2930 4995 5 4846 875 4966 3715 4920 
189 4871 3105 4980 3132 4969 2466 4992 1356 4983 735 4893 4439 4900 3 4983 616 4973 2271 4990 396 5000 2744 4977 3515 4951 4946 4904 2386 4915 844 4991 3613 4994 3644 4965 852 4934 1648 4924 4102 4929 3451 4979 3998 4957 676 4845 2347 4869 1826 4958 4064 4978 3497 4950 341 4915 1902 4978 4620 4990 2631 4999 558 4922 2349 4981 1391 4940 2139 4921 3560 4987 1828 
4969 3461 4954 2925 4994 1261 4952 3640 4936 304 4998 493 4972 1886 4972 1951 4966 4254 4924 4936 4927 907 4986 1451 4985 2030 4934 2965 4934 3194 4931 4099 4919 763 4917 1522 4986 4955 4949 4966 4909 999 4970 3316 4949 3522 4993 2791 4948 3705 4970 2564 4979 1112 4935 2699 4974 3593 4972 2035 4961 1985 4896 2440 4921 3398 4974 1905 4967 56 4945 2874 4878 2388 4973 
4652 4905 3029 4931 3870 4976 55 4954 2592 4936 3375 4994 4651 4988 3978 4996 4346 4920 521 4910 3766 4848 337 4984 1506 4997 209 4934 1208 4897 2810 4903 3277 4974 524 4930 331 4958 3880 4960 1193 4992 2738 4887 3085 4969 448 4971 2570 4907 558 4990 1983 4954 3554 4930 129 4932 1015 4975 188 4970 4438 4976 2121 4984 3125 4998 4955 4981 185 4972 1079 4953 2127 
4938 4664 4974 1961 4832 4302 4976 938 4907 4685 4972 4393 4991 2144 4995 3244 4987 1982 4930 256 4983 2625 5000 4731 4955 2851 4940 3458 4976 578 4973 2546 4959 2713 4901 3372 4885 5 4990 2028 4987 3829 4927 3755 4962 3259 4952 4057 5000 4571 4984 3649 4927 3096 4957 1937 4922 285 4967 3405 4881 136 4970 3000 4915 2095 4985 4077 4977 2528 4953 113 4981 2312 4997 
353 4914 667 4913 4565 4965 311 4922 4477 4943 4865 4954 1943 4969 317 4919 1900 4911 738 4928 963 4935 4075 4917 4487 4873 1082 4969 562 4898 1133 4974 2238 4993 4783 4906 1532 4967 2009 4897 156 4981 1730 4925 3613 4992 295 4994 4532 4982 4527 4934 1247 4980 1304 4984 1727 4976 4424 4992 818 4964 1922 4990 1493 4909 2796 4927 3047 4961 4901 4981 3827 4908 2910 
4943 4683 4975 2524 4924 4202 4976 1686 4960 63 4932 2621 4976 2223 4995 3938 4949 3193 4969 197 4988 2594 4909 4868 4905 4532 4902 1952 4929 3978 4947 186 4959 1962 4901 584 4957 3444 4949 4285 4907 4740 4981 4995 4942 3811 4978 4587 4978 371 4962 741 4964 4511 4994 3579 4946 1346 4995 4992 4949 3075 5000 4476 4959 4101 4969 3026 4984 1675 4969 2531 4991 3057 4959 
70 70
1499 4909 758 4991 2111 4934 461 4981 1152 4996 4712 4994 2171 4993 118 4993 78 4952 2207 4992 1927 4980 3630 4928 1564 4977 2583 4949 1212 4955 2919 4976 2730 4917 4425 4946 3713 4944 3950 5000 115 4895 1406 4987 309 4941 4403 4929 509 4929 1044 4943 2365 4920 4528 4960 4450 4991 4150 4980 2978 4956 4975 4939 3954 4919 3522 4831 4642 4968 
4982 4858 4979 3013 4938 2857 4949 1204 4924 1254 4980 4025 4987 1354 4970 1298 4949 2801 4982 4430 4885 4130 4983 2188 4974 4747 4975 1690 4869 4148 4957 2183 4981 2325 4952 3511 4939 1591 4974 3000 4994 1096 4984 1783 4958 3151 4897 1349 4897 4253 4970 1030 4963 1831 4918 3044 4986 1086 4917 3108 4944 4402 4991 2516 4970 3035 4903 274 4973 4885 
4647 4985 2135 4940 4428 4940 1095 4997 2145 4922 2814 4969 4736 4981 1549 4947 4446 4981 2741 4900 1261 4883 1522 4907 1328 4994 1667 4885 2842 4863 1775 4991 3193 4983 1713 4964 4223 4946 545 4995 4506 4969 3477 4937 1816 4974 1651 4991 3142 4942 2757 4997 1820 4984 3218 4953 4340 4948 3152 4953 3751 4972 2955 4965 317 4962 2032 4984 3530 4946 
4959 1076 4955 275 4955 1596 4938 4710 4902 3270 4945 3940 4955 1933 4963 2033 4965 4531 4987 426 4883 2897 4907 4582 4932 1819 5000 439 4944 1430 4979 2547 4986 624 4891 4212 4921 569 4962 512 4904 3483 4993 2713 4910 3019 4958 359 4923 1 4976 76 4956 2253 4997 4427 4937 2192 4867 3990 4916 4058 4967 3015 4957 960 4963 798 4907 494 
3819 4959 4149 4969 3383 4941 635 4972 3520 4904 2169 4939 4278 4933 2714 4931 3833 4923 816 4975 1674 4999 2275 4851 4069 4935 2356 4848 4217 4903 4138 4969 1107 4919 1448 4896 1260 4976 1585 4932 1920 4879 3777 4961 187 4968 3233 4943 2841 4922 781 4991 3564 4940 7 4937 1069 4892 1163 4914 1077 4958 3243 4978 1426 4997 3638 4940 458 4930 
4991 1803 4904 1357 4941 2706 4963 3561 4966 587 4917 106 4961 2611 4975 4615 4892 4524 4999 1670 4995 3857 4989 2849 4890 2485 4959 4587 4955 2510 4917 4108 4895 2462 4857 2901 4995 3357 4991 3045 4972 3499 4976 1559 4961 969 4912 4996 4982 3413 4976 35 4930 1997 4945 274 4987 3730 4853 1757 4999 1194 4984 384 4964 521 4925 908 4997 3918 
3455 4854 1915 4986 1852 4954 3243 4959 4399 4891 3695 4985 980 4972 3158 4957 4524 4962 720 4846 3546 4902 2371 4864 3946 4942 2927 4970 3445 4972 3066 4999 2073 4990 3232 4929 1082 4960 4513 4986 80 4966 2337 4975 905 4991 2153 4865 2623 4911 4666 5000 4259 4903 2218 4981 2253 4857 2890 4993 1676 4975 4220 4995 4214 4913 2368 4925 3129 4883 
4874 4938 4940 1760 4991 2196 4971 50 4927 1204 4891 4509 4951 294 4918 139 4947 4454 4997 4259 4924 4020 4896 4615 4915 2258 4962 1401 4857 3950 4980 4661 4956 703 4983 3510 4950 596 4921 977 4966 2275 4964 1937 4922 1218 4900 667 4899 2797 4989 2059 4956 3182 4863 2119 4988 2893 4988 4930 4963 4712 4963 3939 4980 3919 4999 2133 4906 1375 
1653 4886 2401 4917 2899 4916 3600 4915 4544 4973 2468 4956 3921 4823 1923 4957 1157 4922 1910 4987 2209 4981 771 4955 3548 4949 4153 4908 3873 4940 2284 4926 3588 4907 2679 4971 4695 4950 1828 4906 226 4946 4737 4950 52 4986 867 4889 1998 4983 753 4974 1623 4959 2041 4910 1308 4981 3281 4984 4582 4891 3935 4881 4539 4854 4906 4994 3370 4960 
4979 1871 4922 2537 4939 3464 4923 2267 4916 194 4881 1712 4928 364 4955 2157 4996 1258 4961 743 4934 4521 4990 4913 4959 1992 4999 2131 4923 2592 4964 450 4985 2399 4936 3805 4985 306 4917 2108 4957 433 4999 4673 4977 4647 4911 533 4974 365 4896 3009 4891 3919 4978 21 4994 3530 4937 4660 4969 1434 4945 1534 4948 2184 4976 3332 4985 1127 
3192 4955 3695 4998 3537 4886 1669 4950 1051 4867 4601 4974 207 4974 3268 4905 3600 4962 3517 4990 683 4984 743 4968 4323 4919 3729 4953 3903 4946 2574 4892 4773 4990 1051 4973 2174 4969 1231 4933 3437 4995 4602 4954 4441 4956 4813 4966 3371 4978 1465 4885 703 4919 4788 4994 3680 4980 3576 4968 1068 4916 1776 4875 275 4913 4560 4999 2665 4959 
4965 504 4952 3947 4945 4055 4994 4710 4936 2196 4955 3266 4936 1305 4996 2048 4929 4947 4964 1357 4984 3809 4949 112 4870 604 4935 1757 4889 3390 4993 4793 5000 2824 4960 3520 4988 4105 4970 3675 4981 2506 4903 4690 4936 777 4924 4421 4938 2998 4956 4870 4903 4402 4983 3695 4989 722 4989 1571 4950 3664 4918 3695 4901 2956 4925 2819 4998 843 
2507 4966 933 4966 1851 4987 4035 4972 3697 4960 3159 4957 1574 4999 2856 4966 4357 4957 452 4974 3688 4913 4822 4981 3121 4983 1516 4915 3133 4865 277 4959 1748 4987 1503 4999 3807 4926 994 4981 141 4988 4063 4917 3441 4965 1112 4870 3577 4962 1524 4984 3191 4994 4332 4944 2964 4930 4302 5000 3259 4972 4803 4884 4691 4905 3410 4946 3201 4993 
4980 647 4952 4693 4951 1545 4947 4184 4947 2920 4980 3280 4998 4192 4934 801 4817 1523 4937 3077 4932 1307 4943 408 4966 475 4942 2631 4952 3154 4926 3285 4979 1213 5000 4547 4936 1048 4925 1794 4933 3174 4934 4945 4979 2285 4946 3308 4904 508 4991 2216 4973 2304 4970 3425 4968 3856 4911 2571 4946 1175 4913 4391 4985 3904 4952 2167 4986 574 
2089 4999 102 4891 3997 4935 2127 4979 2518 4994 2614 4965 280 4977 87 4977 2487 4910 2239 4901 1485 4959 192 4943 1719 4892 1023 4916 2095 4933 1042 4845 1621 4967 325 4935 219 4907 3670 4893 3365 4993 3066 4937 2172 4918 4725 4944 2303 4825 1323 4984 2103 4913 2126 4913 4292 4949 4336 4930 2232 4926 1219 4971 4849 4988 4131 4926 4869 4965 
4915 901 4957 2616 4962 1888 4938 2926 4955 739 4895 4861 4976 2633 4996 4104 4955 276 4937 1087 4975 2297 4986 633 4879 2168 4846 4568 4883 4104 4949 2784 4877 4250 4932 3546 4961 2737 4905 1194 4927 1761 4900 687 4890 2338 4913 607 4944 4348 4981 2933 4920 3686 4949 3893 4965 1806 4890 4468 4971 4399 4911 839 4967 4960 4930 1428 4956 283 
4711 4902 4345 4944 924 4956 2747 4906 637 4987 4399 4955 1560 4900 1559 4944 731 4927 515 4909 1146 4970 3882 4985 4074 4996 3383 4998 1289 4993 2939 4908 1109 4958 2874 4968 3021 4997 4463 4932 1986 4945 4603 4994 1489 4907 2232 4911 4975 4998 2028 4969 2694 4991 2891 4955 3095 4940 402 4912 4616 4990 2908 4984 1947 4925 2462 4991 2979 4937 
4983 3293 4907 1295 4918 1903 4985 3116 4956 2695 4945 3006 4932 2845 4895 1795 4950 1027 4994 4094 4944 4012 4987 3680 4868 1788 4908 133 4998 3509 4907 2742 4983 4973 4929 445 4970 2059 4963 3268 4987 2802 4966 3910 4939 201 4933 3990 4938 3578 4881 4199 4977 1538 4980 44 4967 1651 4975 4231 4963 4846 4945 1592 4987 4848 4918 996 4978 260 
4623 4979 2475 4968 1150 4934 3970 4896 4365 4930 111 4973 3938 4963 1506 4986 3700 4960 1222 4961 1457 4957 3588 4992 90 4987 2867 4939 4336 4984 982 4966 4502 4982 1112 4980 1743 4962 1962 4848 4828 4954 3 4927 2286 4937 2205 4918 4350 5000 4845 4972 407 4949 4757 4987 3865 4942 2953 4965 2423 4987 1683 4972 643 4986 3317 4915 789 4935 
4982 1311 4991 537 4968 1741 4970 1267 4958 527 4991 2214 4933 827 4933 3662 4968 1274 4977 4512 4998 332 4994 2726 4963 4443 4883 1918 4955 472 4991 1861 4898 493 4986 496 4891 2675 4954 3820 4932 3411 4954 1927 4971 3708 4936 2000 4949 1111 4971 379 4891 4413 4866 285 4963 3084 4878 4472 4981 1502 4939 382 4971 2065 4923 779 4912 3963 
204 4917 1337 4991 2379 4894 3374 4907 2791 4993 970 4998 3599 4924 1142 4936 3495 4976 4469 4961 484 4986 1776 4893 4799 4917 2799 4997 4238 4952 4780 4971 3763 4980 4253 4969 1754 4967 250 4918 2225 4879 3715 4893 179 4939 3363 4874 2310 4961 1602 4982 1169 4909 4928 4917 3115 4945 3014 4986 3091 4939 899 5000 74 4971 1319 4998 887 4991 
4982 70 4968 4224 4918 392 4885 3614 4879 1962 4962 4551 4992 3644 4900 498 4926 1543 4955 1473 4934 1425 4925 3599 4964 4918 5000 4302 4897 3440 4950 100 4973 3590 4931 1477 4992 3129 4886 3859 4988 1625 4970 4318 4949 11 4992 4674 4996 2380 4972 1529 4994 4471 4942 1357 4975 1525 4821 802 4938 4168 4959 1014 4992 3447 4968 4715 4994 1340 
452 4968 1828 4897 2880 4929 3895 4925 4629 4859 4011 4976 2354 4910 3490 4884 2730 4964 2612 4997 4372 4952 2494 4960 1488 4962 269 4945 3367 4908 3852 4973 298 4989 453 4975 2428 4901 1542 4942 3094 4868 2407 4953 2014 4958 3159 4932 3330 4984 4067 4976 111 4935 2100 4957 3353 4940 4907 4985 88 4923 3661 4999 1921 4968 925 4915 774 4963 
4945 748 4984 2719 4927 1872 4957 3952 4920 3313 4945 3545 4950 2070 4975 1315 4932 3565 4953 2959 4924 500 4954 2338 4975 76 5000 573 4992 4515 4961 3908 4971 1224 4982 4249 4998 619 4960 1258 4990 2814 4934 797 4901 2292 4890 1950 4933 772 4983 3060 4888 928 4966 1185 4988 2113 4943 1424 4903 430 129 1501 513 3700 4999 2549 4963 1953 
2955 4922 2351 4943 1035 4906 2802 4991 779 4969 1561 4961 1930 4949 3770 4966 3993 4932 149 4928 2653 4955 4635 4941 1771 4956 2614 4989 4934 4990 400 4930 2402 4944 4018 4966 1613 4998 3536 4888 1915 4884 4709 4978 574 4939 4191 4998 1552 4979 3046 4971 2012 4991 620 4909 3661 4984 1848 4965 702 9 733 4968 932 2049 4804 4922 1564 4990 
4900 4761 4934 254 4945 3956 4973 4986 4879 93 4933 4742 4995 4698 4974 686 4954 3314 4983 92 4984 2167 4976 2448 4931 1316 4960 4733 4991 548 4979 4712 4949 3130 4959 2622 4977 801 4933 4657 4998 4035 4974 4749 4983 1911 4939 1329 4951 625 4969 3828 4969 2412 4900 4884 4900 1019 4986 4459 3 3578 33 3415 4970 138 4937 2153 4986 2468 
2567 4981 3023 4885 3830 4999 3203 4992 1105 4933 1288 4980 1187 4911 4963 4937 993 4995 3087 4984 2729 4965 3286 4961 4651 4935 1521 4924 3610 4972 4818 4898 306 4948 2341 4893 394 4977 2004 4881 3029 4924 2226 4966 630 4943 2995 4995 29 4992 4028 4913 1120 4921 921 4839 1737 4919 4997 4942 652 4954 1752 4955 1157 4191 1668 4959 4711 4957 
4977 3460 4991 2904 4877 1489 4988 1508 4936 4969 4979 3163 4956 982 4860 2802 4981 3401 4970 1720 4951 2919 4890 1270 4939 4149 4947 2883 4987 2264 4878 3510 4988 3212 4950 4418 4911 1201 4981 892 4905 296 4962 846 4969 1803 4921 1982 4893 2635 4988 4198 4992 3444 4978 507 4947 2595 4987 4765 4979 4702 4978 2739 4993 1787 4807 4767 4845 539 
3341 4900 3321 4939 4995 4988 3181 4922 4298 4912 2060 4867 3521 4990 4156 4989 762 4992 801 4933 3609 5000 3022 4912 3392 4999 4222 4926 3976 4997 1665 4997 520 4961 3581 4905 2278 4914 1621 4997 3238 4878 4954 4899 2 4995 2885 4968 2577 4986 2542 4892 4219 4958 2735 4928 2014 4974 1908 4948 2901 4944 2501 4927 2399 4930 1253 4949 898 4932 
4997 1584 4998 1767 4940 1709 4931 254 4910 1496 4932 1507 4970 394 4995 1563 4963 50 4992 3870 4955 1315 4951 1296 4905 3705 4951 303 4951 1812 4975 2775 4979 3482 4957 3126 4981 2293 4975 1356 4939 3788 4971 4806 4998 1801 4956 418 4971 2046 4969 4795 4944 1855 4988 2348 4929 1306 4860 2408 4875 1894 4876 3827 4957 3560 4987 501 4974 2368 
3138 4993 3723 4892 1359 4993 4159 4934 2981 4980 1968 4965 4079 4971 3623 4903 2012 4921 1634 4976 3440 4894 2349 4912 2559 4899 4115 4838 3662 4867 2492 4967 656 4978 2664 4984 3103 4982 1735 4972 1671 4943 3476 4898 4406 4928 748 4917 3134 4864 1462 4947 911 4952 2175 4985 4538 4953 2173 4997 3949 4985 1858 4952 1741 4961 841 4566 4468 4994 
4948 4769 4921 2986 4985 2850 4994 2462 4991 3796 4944 4039 4956 4555 4955 2905 4898 3099 4984 2866 4965 583 4959 4052 4916 4146 5000 698 4987 3965 4987 3676 4989 2733 4901 273 4911 3791 4998 2776 4935 4197 4987 4941 4917 2396 4960 3975 4987 1531 4957 724 4870 865 4968 1779 4974 4380 4896 4174 4989 1788 4985 4908 4893 2588 4685 2275 4819 563 
4474 4978 340 4912 3070 4942 3545 4991 3171 4906 4521 4961 460 4936 1319 4952 4072 4953 4214 4965 4920 4986 106 4959 909 4907 89 4812 2764 4991 4571 4938 3808 4986 1323 4984 3370 4998 3896 4994 4974 4956 1471 4932 1744 4913 3326 4965 4956 4975 3332 4986 4090 4881 973 4984 4262 4948 2650 4971 1875 4978 4714 4898 1845 4934 2900 4524 2765 4994 
4865 1098 4974 2278 4997 1275 4990 2674 4960 130 4913 4380 4931 3356 4900 686 4936 2196 4923 2357 4964 924 4991 764 4988 3780 4926 1719 4927 1451 4991 3838 4958 1792 4997 4794 4929 3743 4924 2157 4876 2407 4958 2508 4979 3457 4931 3621 5000 525 4962 1587 4912 1419 4934 1473 4965 4166 4995 2955 4927 3594 4900 4075 4921 2162 4565 3992 4973 4903 
2777 4996 3428 4869 3953 4869 1510 4947 2888 4898 2184 4921 2027 4948 3847 4992 2727 4971 3089 4977 2966 4947 742 4995 2463 4979 3817 4877 4085 4996 2450 4940 1445 4949 4162 4998 663 4964 540 4962 1610 4974 3125 4937 1618 4819 672 4998 4322 4960 641 4909 4196 4961 46 4983 1086 4948 1480 4911 523 4911 1773 4984 13 4602 970 4967 334 4918 
4957 805 4966 3597 4949 1336 4972 76 4953 1218 4900 22 4976 1714 4965 4009 4901 1616 4979 4777 4988 3933 4944 2319 4877 3547 4907 679 4916 3355 4884 111 4995 3843 4972 2023 4961 4364 4955 3977 4901 4734 4938 2656 4927 3882 4992 2632 4982 4473 4985 2237 4941 375 4862 3623 4975 2815 4919 4706 4901 3554 4871 396 4645 1661 4934 2939 4928 3016 
3140 4943 3568 4998 4197 4958 598 4977 138 4953 3940 4942 1400 4911 4232 4933 3242 4932 3953 4974 3089 4857 1063 4943 1941 4870 937 4958 88 4997 2151 4896 4708 4897 1473 4939 2480 4953 3041 4995 3478 4922 543 4951 4436 4977 333 4951 1806 4895 1925 4929 4016 4869 3604 4993 847 4995 4023 4851 4032 4833 3553 4736 2008 4954 1855 4995 2291 4997 
4985 1739 4858 4764 4909 4517 4979 2204 4987 4633 4989 2647 4994 544 4951 1929 4930 3640 4959 2737 4909 2752 4923 2621 4889 2162 4989 3389 4984 3010 4977 4510 4994 2479 4991 2331 4997 3807 4957 1015 4961 1955 4963 4761 4993 2961 4992 4880 4927 4859 4968 3837 4991 3558 4938 4091 4964 3839 4960 1497 4924 4808 4787 2032 4850 817 4976 1709 4933 3414 
1237 4919 1603 4999 2765 4967 673 4971 2237 4967 4087 4968 2013 4975 959 4964 3794 4919 480 4890 3394 4934 4882 4916 232 4949 461 4921 143 4934 3410 4978 3857 4951 3187 4953 4989 4925 3588 4973 2569 4930 3744 4996 3597 4984 3420 4907 4589 4970 932 5000 982 4929 4764 4957 4597 4949 3811 4889 1762 4861 1942 4773 4362 4997 3008 4982 2193 4908 
4872 386 4957 1736 4992 652 4889 2524 4990 2154 4973 1845 4994 1802 5000 3412 4948 1578 4980 1444 4924 301 4937 3130 4921 1123 4957 3227 4884 3856 4987 2971 4931 2559 4927 1089 4936 2861 4958 1766 4979 1504 4927 3606 4944 504 4996 2254 4967 1663 4997 1324 4895 1152 4899 2423 4843 4202 4894 1041 4989 4309 4953 3310 4985 2017 4939 4631 4976 2050 
649 4861 818 4993 4361 4928 4325 4936 2168 4953 4605 4945 4337 4916 644 4963 258 4933 3895 4975 1616 4902 477 4957 877 4970 2778 4968 1060 4986 4992 4978 1262 4884 4024 4992 1030 4918 2926 4941 912 4959 3872 4941 3284 4951 4351 4976 2644 4856 2510 4964 3965 4941 4507 4886 2321 4980 4080 4965 544 4960 2681 4955 4640 4983 778 4890 2271 4976 
4953 2227 4855 1588 4878 3651 4930 4630 4966 724 4996 3221 4969 619 4908 3836 4933 2613 4961 1350 4904 3014 4980 3616 4922 1663 4987 1763 4939 3902 4980 1680 4982 118 4964 3684 4944 115 4969 3300 4975 4238 4949 3752 4976 2648 4892 26 4965 1739 4991 4548 4851 4987 4989 2855 4872 2636 4987 2310 4999 3260 4946 3894 4902 1696 4964 4543 4884 2572 
3676 4958 2073 4945 425 4844 3198 4969 4078 4961 412 4921 493 4999 2171 4980 4939 4983 432 4991 2189 4911 2864 4974 1309 4956 1736 4972 1389 4866 1996 4956 4175 4956 1959 4989 2311 4924 843 4971 3375 4911 4978 4941 1006 4972 2761 4964 1970 4929 3938 4951 2032 4941 3630 4926 4435 4937 2305 4944 4971 4958 2173 4952 110 4952 1006 4980 2941 4996 
4959 3010 4984 2613 4884 2622 4959 1400 4953 1788 4991 1787 4933 231 4882 3899 4989 304 4986 1339 4949 3877 4938 2850 4930 2144 4970 3029 4958 109 4971 3701 4949 666 4995 2853 4930 4731 4921 1211 4867 1609 4989 1738 4865 3588 4988 1996 4985 342 4940 481 4899 3743 4974 251 4994 2976 4982 4212 4958 2290 4957 2476 4960 171 4952 735 4994 729 
3270 4993 3346 4840 3987 4945 3632 4984 2511 4972 154 4961 3963 4911 2884 4882 3254 4982 1178 4965 1464 4868 1438 4903 2893 4917 4898 4953 3395 4889 3925 4999 682 4952 4918 4978 330 4959 3 4899 3765 4989 3380 4858 2272 4979 61 4979 1636 4936 1291 4985 3992 4938 1163 4735 3131 4949 117 4899 4658 4958 2858 4946 4164 4897 12 4924 3632 4976 
4875 3918 4924 1356 4873 1726 4994 3312 4988 3283 4861 996 4949 3583 4985 2636 4854 638 4972 1116 4873 3281 4895 2790 4969 2267 4923 899 4961 199 4818 229 4935 2075 4991 1409 4974 896 4878 3174 4989 571 4952 4597 4917 119 4982 2738 4961 2611 5000 2999 4983 786 4879 3983 4877 2467 4925 3384 4937 4922 4952 1906 4987 2524 4981 3335 4960 1176 
4222 4969 4295 4965 425 4884 2783 4999 1383 4875 1370 4967 327 4949 3991 4991 688 4952 2781 4921 1884 4924 778 4977 810 4946 4067 4941 4259 4994 2212 4935 2666 4908 3123 4964 1467 4994 2707 4951 2424 4984 4517 4921 4992 4985 1154 4919 973 4989 1998 4981 1493 4961 3887 4798 3821 4964 2090 4957 3805 4901 1237 4991 3852 4979 1320 4974 3316 4939 
4982 4691 4982 840 4864 4607 4983 884 4996 3309 4892 1335 4912 4213 4886 4372 4993 2332 4935 3820 5000 2226 4904 1846 4848 349 4979 288 4923 752 4834 2728 4879 3286 4929 892 4966 3770 4956 2924 4940 2498 4961 3190 4873 2933 4891 2819 4999 3047 4925 1690 4958 3830 4879 4338 4996 935 4918 3249 4995 195 4960 4588 4938 924 4942 429 4933 377 
2328 4979 3737 4974 4745 4962 2234 4939 2626 4962 2044 4891 1308 4984 165 4961 1599 4984 1297 4920 249 4945 926 4921 795 4934 4879 4923 1328 4936 2162 4989 3277 4940 958 4911 857 4946 4381 4982 2509 4952 2566 4961 2101 4964 1338 4984 4742 4995 1323 4881 4829 4971 3488 4995 1262 4913 2679 4943 2471 4948 3776 4958 3563 4981 4695 4997 121 4938 
4933 2933 4980 2223 4957 175 4939 1856 4886 2203 4947 4283 4938 2693 4953 4062 4921 4419 4962 3882 4988 4593 4965 4068 4918 712 4929 2092 4911 2873 4919 831 4937 1986 4927 1814 4924 3123 4980 2762 4934 1106 4982 4127 4977 4304 4980 1578 4990 997 4926 2374 4992 1003 4956 765 4916 4929 4954 3609 4952 494 4943 4184 4954 3089 4973 3694 4966 2801 
4370 4992 2197 4923 2383 4930 3420 4902 759 4879 906 4940 469 4993 289 4982 88 4902 292 4928 4640 4819 593 4984 2098 4914 1188 4881 3495 5000 1119 4965 870 4987 125 4964 4696 4994 3462 4914 1907 4935 150 4913 4698 4982 783 4992 272 4939 167 4939 3018 4973 3017 4972 768 4962 1593 4824 495 4954 1196 4997 4974 4953 4440 4986 3965 4891 
4936 1810 4965 3294 4950 4462 4966 168 4966 4432 4933 243 4996 4216 4978 2700 4949 1717 4988 2231 4844 2456 4908 4 4926 1832 4974 2306 4990 801 4971 4003 4878 3521 4921 4521 4974 4473 4985 918 4943 2004 4945 2680 4948 938 4941 2877 4955 4320 4917 385 4971 2088 4995 334 4914 4592 4981 1266 4911 4466 4934 629 4983 969 4951 4392 4933 2272 
514 4932 4813 4932 2777 4945 1031 4968 3266 4955 941 4947 1932 4952 1112 4989 4979 4888 2114 4935 2597 4942 78 4995 4616 4952 2947 4940 2908 4928 2728 4878 640 4797 2748 4934 893 4940 4799 4986 945 4855 2138 4981 1088 4959 1580 4821 2390 4928 1963 4907 873 4950 1312 4948 1928 4947 1248 4995 2533 4970 4831 4991 2787 4987 4047 4936 2392 4990 
4957 3997 4940 2019 4931 4478 4895 4473 4955 3609 4973 2812 4896 422 4954 1946 4958 4021 4984 946 4915 4161 4995 898 4954 728 4960 3315 4924 4833 4917 2094 4997 1165 4911 1434 4969 2696 4937 3694 4916 4719 4966 4301 4998 4515 4997 4136 5000 62 4991 2062 5000 4141 4886 2011 4984 2982 4953 875 4920 2886 4968 2638 4955 4885 4896 2589 4935 4907 
1500 4955 3655 4949 3598 5000 2349 4955 130 4987 3785 4973 4661 4905 4290 4942 1221 4904 3228 4996 693 4934 316 4905 529 4943 2058 4902 3244 4937 4043 4841 3461 4868 1828 4932 3470 4947 3105 4956 3892 4983 4735 4938 2709 4958 4024 4908 4229 4967 4297 4993 2419 4982 4106 4920 2550 4953 1412 5000 4702 4936 1929 4968 2789 4897 733 4899 446 5000 
4903 1297 4946 4590 4988 2809 4957 2765 4993 4284 4967 1169 4997 604 4925 4869 4954 3334 4839 3759 4844 4420 4934 734 4951 2674 4926 3291 4986 1350 4913 4056 4900 3546 4843 4853 4894 630 4962 578 4954 920 4939 902 4907 1755 4937 2651 4977 4485 4964 1738 4939 1279 4978 4591 4979 4023 4897 2787 4908 120 4978 3772 4935 16 4934 556 4973 4144 
264 4979 1973 4974 1235 4996 3390 4989 3761 4883 2121 4925 2368 4991 4618 4888 1913 4899 778 4874 4841 4946 4131 4962 4896 4985 569 4971 555 4881 276 4869 3279 4893 3644 4994 3128 4995 1887 4987 1241 4976 3960 4930 1362 4985 2926 4995 4275 4954 3745 4973 2658 4972 2178 4957 4107 4886 4810 4944 4249 4948 1690 4958 3648 4972 111 4898 1976 4958 
4889 1283 4938 1936 4983 898 4901 198 4848 1505 4972 874 4939 1014 4929 2627 4879 4139 4934 4876 4964 3108 4933 3277 4967 3093 4997 621 4965 4039 4890 3494 4901 3514 4861 1464 4972 3174 4978 4808 4969 4773 4933 370 4928 1514 4968 4597 4917 1880 4941 1070 4923 4707 4918 328 4979 596 4984 3772 4988 4282 4960 1121 4954 2536 4933 4297 4985 330 
845 4958 2329 4943 3682 4937 548 4993 2213 4918 3731 4929 1424 4926 278 4965 3077 4948 119 4948 2426 4990 4903 4926 2584 5000 2375 4966 1775 4944 4098 4988 3536 4995 2833 4984 2772 4953 2342 4964 4675 4987 2433 4932 2059 4981 3867 4913 3959 4947 1804 4926 2874 4997 2226 4981 3641 4932 1104 4959 742 4978 4078 4990 1740 4996 2059 4884 3083 4923 
4979 1126 4970 3408 4982 1464 4986 1760 4996 3304 4916 4415 4996 4585 4840 674 4944 2193 4957 260 4966 3906 4969 2031 4967 3382 4968 1393 4961 2007 4910 2634 4800 1930 4974 4778 4979 1733 4987 2808 4968 4193 4951 2607 4959 4511 4969 3192 4937 1890 4904 1826 4838 3547 4945 579 4941 1975 4914 4174 4966 1866 4982 1470 4983 4463 4958 3575 4992 382 
2400 4976 2229 4977 4727 4978 2435 4981 3637 4993 1915 4994 3814 4898 791 4905 2703 4928 1368 4967 4357 4846 1661 4975 4868 4953 4806 4987 1132 4986 2105 4945 2871 4997 1061 4977 178 4990 4854 4958 3889 4985 3967 4890 2984 4933 698 4963 1072 4985 3921 4967 896 4934 1087 4891 4082 4971 2223 4888 1714 5000 144 5000 1839 4989 3184 4906 4550 4960 
4936 3673 4882 3112 4950 1852 4956 2017 4942 4010 4989 111 5000 2644 4933 2978 4892 4012 4940 46 4983 3572 4895 2708 4898 2362 4994 4555 4893 949 4898 3922 4916 3120 4994 2434 4979 3897 4980 1936 4981 239 4958 2427 4983 4668 4919 1021 4925 2218 4905 130 4957 4488 4920 3811 4966 1536 4951 1570 4964 3230 4994 4409 4818 310 4956 4770 4943 650 
2500 4989 2075 4969 1038 4973 1563 4964 4858 4878 3656 4971 4282 4944 4397 4893 3513 4923 937 4923 336 4983 155 4979 2298 4934 4299 4931 2421 4976 2875 4985 4751 4977 229 4943 4100 4942 1781 4996 4182 4954 1623 4930 3025 4982 800 4892 3992 4994 1224 4905 1163 4970 4878 4895 1639 4949 4125 4911 732 4947 4368 4936 102 4966 2488 4979 1117 4908 
4975 659 4962 1185 4993 4875 4862 4612 4924 748 4925 4262 4924 4506 4901 3401 4959 3389 4920 4748 4996 3922 4966 4406 4939 1600 4959 620 4957 4513 4987 3929 4879 1857 4949 3929 4950 3405 4957 3222 4973 4795 4979 1762 4976 2321 4946 4484 4924 2926 4972 4391 4967 1599 4998 4418 4991 643 4955 4397 4947 173 4936 3992 4993 4041 4920 3275 4996 2654 
1765 4983 4612 4954 2177 4968 2663 4916 1670 4903 479 4950 667 4901 1774 4959 4249 4973 2477 4945 3268 4974 1121 4924 380 4969 3623 4993 3290 4980 4911 4955 743 4981 3927 4979 902 4989 4058 4976 225 4914 564 4995 389 4880 3364 4988 1071 4965 3834 4923 2865 4855 2496 4909 3407 4994 2656 4894 2388 4956 747 4925 3241 4966 2124 4868 3252 4976 
4984 4441 4900 2356 4942 1462 4848 2743 4967 1868 4846 2784 4973 1979 4905 1218 4864 624 4876 2768 4901 4319 4958 1067 4975 4844 4994 4579 5000 2716 4926 3883 4945 723 4966 887 4963 4881 4901 222 4827 3771 4955 1553 4976 23 4866 4203 4954 2655 4957 4699 4927 231 4952 4914 4984 4277 4989 2863 4865 850 4935 2003 4967 597 4899 272 4940 3352 
1518 4940 4761 4931 599 4946 2861 4946 4849 4952 827 4974 362 4969 2492 4965 2381 4909 3315 4955 2220 4980 3202 4924 3457 4991 2337 4923 2226 4979 384 4974 1593 4964 2856 4929 3175 4931 1933 4937 2106 4926 3388 4874 4362 4961 1934 4969 1526 4933 2715 4875 2638 4886 741 4988 25 4970 1388 4906 4243 4876 517 4937 3306 4965 3971 4961 535 4982 
4951 373 4940 375 4983 3458 4931 2276 4926 1207 4942 326 4934 3316 4933 1667 4908 4278 4948 4132 4958 3330 4863 2082 4968 1461 4926 1634 4986 2711 4995 4760 4926 515 4976 1273 4926 1090 4950 1997 4939 3550 4967 352 4989 3900 4942 3256 4892 4382 4927 1041 4983 2025 4963 2028 4993 4949 5000 1938 4900 4314 4994 645 4998 1506 4967 12 4947 723 
2858 4997 2196 4929 3497 4975 528 4965 2735 4872 4420 4989 665 4990 4303 4918 2544 4966 4184 4998 1163 4993 359 4886 2519 4931 3913 4870 3089 4980 2192 4997 1064 4983 3136 4967 4210 4959 75 4995 3832 4943 2911 4987 3516 4971 1999 4975 1609 4948 3521 4929 2867 4953 3538 4955 3766 4988 2677 4926 2507 4925 4835 4970 2044 4838 3145 4908 2615 4973 
4936 3557 4908 2840 4859 2444 4944 1164 4981 739 4964 1516 4972 930 4982 4259 4995 3777 4960 4911 4961 2157 4966 1361 4995 3653 4955 4728 4999 2874 4972 1513 4904 1596 4986 4188 4983 4079 4944 4855 4891 2888 4979 1713 4933 2652 4955 1765 4824 1019 4873 921 4929 3232 4863 134 4893 517 4988 1441 4883 4696 4962 72 4962 3985 4930 3988 4987 1411 
