3
5 5
10 98 37 95 85 
98 62 97 40 84 
97 9 5 100 98 
5 22 80 85 96 
99 33 30 69 81 
9 7
83 5 81 99 85 87 47 99 70 
9 6 95 28 89 50 86 100 89 
27 95 20 84 45 93 6 93 77 
33 65 86 33 93 52 93 84 91 
100 93 25 94 36 91 95 99 77 
65 8 96 95 97 70 93 40 93 
44 69 58 98 52 100 62 88 53 
7 10
26 95 92 5 13 65 66 
91 68 90 14 9 67 84 
12 100 66 83 30 33 75 
98 36 90 26 88 77 92 
63 95 53 94 36 87 94 
100 74 95 67 88 91 92 
100 93 44 92 81 91 37 
100 80 90 46 100 46 96 
34 94 89 97 12 95 31 
88 23 100 94 87 98 96 
