8
39 40
3592 4937 828 4929 2935 4909 357 4928 4615 4963 828 4915 163 4855 4503 4963 2358 4984 3682 4968 3941 4913 3433 4965 530 4991 207 4942 1064 4994 569 4970 2420 4969 1283 4982 448 4960 4127 
4947 2013 4936 939 4886 78 4983 3703 4973 2529 4875 4941 4946 3770 4883 3645 4908 3183 4980 3269 4899 3760 4939 1630 4982 1068 4992 87 4953 3580 4975 3235 4981 1400 4993 3244 4918 1308 4917 
430 4960 4125 4969 925 4895 3294 4997 857 4987 3949 4984 186 4914 463 4921 2970 4950 2592 4938 128 4998 2837 4961 4877 4901 2009 4951 3407 4992 2872 4924 4350 4958 4261 4907 654 4919 1800 
4956 381 4874 3055 4967 2533 4937 996 4996 4474 4966 1857 4987 233 4968 1979 4891 2658 4965 201 4899 3095 4935 4305 4955 1445 4899 3761 4934 4581 4971 1352 4938 4436 4983 3448 4966 594 4903 
919 4913 2374 4979 4993 4984 932 4916 82 4980 135 4977 549 4910 2531 4990 4141 4896 1551 4995 2060 4954 1869 4959 4832 4973 3476 4916 2408 4987 1616 4921 4515 4907 643 4954 3145 4988 4694 
4976 3142 4978 1239 4981 4336 4975 1608 4981 4621 4953 739 4991 1649 4879 3997 4969 2031 4990 3770 4984 3263 4966 4235 4991 1496 4992 2432 4938 1470 4963 2583 4882 541 4991 1598 4960 1226 4976 
470 4913 822 4965 1922 4976 1499 4910 4670 4983 2616 4978 4990 4879 2573 4966 3852 4993 3431 4996 3876 4970 1770 4993 2708 4990 4712 4954 1065 4960 4275 4984 3931 4892 1135 4987 1158 4940 4848 
4925 1343 4985 1155 4973 360 4943 4713 4932 3890 4980 4159 4996 708 4878 2555 4968 4620 4997 4667 4903 2746 4899 1794 4980 4805 4988 2955 4979 193 4989 2848 4898 2432 4944 173 5000 281 4978 
4775 4939 3235 4895 4023 4931 2894 4985 3413 4927 4432 4938 3559 4926 596 4895 3636 4927 2051 4991 2215 4946 3585 4337 4219 4454 1252 4901 4523 4861 2459 4932 1944 4997 827 4944 4058 4984 1486 
4985 4708 4986 1547 4992 3014 4989 1438 4991 602 4964 509 4984 2545 4939 4124 4979 200 4873 757 4959 132 4218 2296 4596 3921 4455 78 4991 2993 4961 4670 4982 3512 4921 4757 4907 2745 4987 
4061 4931 827 5000 1934 4953 1889 4939 48 4995 4148 4992 2731 4981 4863 4989 3180 4970 2914 4968 4724 4945 97 4828 4445 4746 4013 4991 3299 4981 4960 4979 4782 4898 4873 4928 214 4904 291 
4971 3229 5000 4967 4974 3649 4939 3913 4939 1713 4994 2384 4946 2865 4973 4468 4996 4613 4954 1054 4914 1881 4944 3734 4281 3372 4973 781 4985 4826 4943 4963 4932 2790 4975 656 4991 2008 4997 
1006 4992 3745 4947 3427 4950 2158 4884 2040 4885 147 4959 1112 4984 190 4995 3563 4964 3526 4961 318 4928 4598 4097 2933 4996 1432 4970 4206 4959 2387 4928 125 4898 1619 4956 1626 4954 3281 
4980 308 4992 1676 4985 791 4918 1896 4894 38 4947 3402 4973 4558 4997 2239 4990 852 4980 1114 4998 2572 513 4523 4750 2759 4675 3562 4783 2730 4901 1814 4879 4733 4977 3463 4967 2115 4980 
4123 4989 4577 4967 4018 4977 4010 4961 2465 4894 1477 4916 4332 4997 2128 4988 4480 4969 2618 30 3605 129 3638 2049 831 4776 4365 4766 1303 4826 4771 4918 40 4998 3661 4900 3420 4998 3331 
5000 3498 4991 668 4973 790 4926 688 4905 2713 4987 1265 4995 1321 4951 273 4970 1132 4965 2408 30 3881 4994 3721 4770 551 4942 3698 4923 2735 4829 3968 4987 2386 4973 3860 4921 4578 4957 
4767 4975 2659 4848 2928 4946 1369 4949 631 4998 4952 4914 2817 4963 1484 4984 1732 4970 853 4916 3932 33 610 4978 2499 4959 814 4954 1258 4867 1989 4962 4683 4958 2391 4907 4600 4918 303 
4905 3057 4918 781 4975 4634 4939 3892 4990 391 4861 2547 4993 1385 4973 4754 4950 4319 4941 1681 4908 1995 4892 3688 4956 106 4965 2189 4954 1576 4980 1162 4886 1765 4975 4568 4944 2174 4908 
1874 4986 2073 4937 2903 4934 1738 4963 1204 4949 972 4948 3483 4926 4465 4941 1511 4963 3331 4947 3880 4967 1981 4924 4423 4959 4402 4855 4117 4985 2992 4979 2601 4954 1327 4923 4920 4971 2206 
4877 2276 4914 2826 4940 357 4954 4088 4981 2153 4949 4318 4959 3323 4972 1011 4907 2301 4976 4262 4907 4651 4913 512 4912 3340 4879 4317 4913 3394 4977 3256 4964 3326 4979 640 4935 4385 4976 
2518 4934 3111 4947 1643 4976 3503 4968 3424 4966 3746 4974 1897 4891 559 4997 1567 4920 671 4953 3055 4947 1534 4969 3750 4922 810 4899 3329 4974 4062 4885 4833 4951 378 4908 1103 4947 2891 
4873 3468 4892 1688 4953 2182 4949 2959 4989 3148 4997 1710 4918 4475 4957 2318 4896 3678 4990 2868 4940 891 4989 2582 4961 4159 4912 3241 4937 4284 4993 2725 4942 4902 4923 1262 4867 4145 4914 
402 4987 949 4978 4661 4964 3516 4989 3551 4933 3666 4971 2806 4969 4630 4974 1430 4984 968 4940 1956 4947 4239 4955 3285 4987 4697 4935 2088 4980 3264 4961 3600 5000 2873 4945 338 4924 643 
4931 586 4918 3828 4894 4228 4986 952 4973 1786 4991 1396 4969 217 4940 2793 4917 4632 4980 688 4995 2519 4995 4651 4932 574 4993 1854 4959 720 4915 2463 4996 1722 4994 4494 4882 2714 4964 
3708 4960 4024 4928 409 4906 1292 4975 1902 4890 938 4993 1130 4927 2286 4892 2486 4953 3145 4990 4424 4984 3529 4967 1538 4983 3953 4913 3439 4967 4690 4961 4889 4938 304 4972 1728 4934 3195 
4937 102 4923 3839 4983 1698 4925 4841 4974 3980 4973 1988 4988 4029 4930 292 4904 1837 4986 3877 4892 1026 4999 1231 4987 3702 4981 902 4891 1070 4917 1628 4973 1147 4997 1814 4986 480 4969 
2002 4951 1699 4880 2961 4901 1934 4916 269 4993 4957 4954 2608 4971 2136 4990 767 4995 4511 4952 1506 4973 1328 4911 4204 4966 1526 4842 271 4876 2993 4846 257 4977 3997 4946 4632 4933 3341 
4933 3919 4916 324 4978 4564 4964 1279 4961 3263 4950 1358 4995 1784 4976 3744 4904 1106 4991 751 4967 2676 4955 2928 4938 2516 4901 4822 4962 2636 4946 1125 4960 4580 4977 983 4915 2742 4971 
1099 4902 2003 4986 4698 4963 4769 4985 3529 4980 1454 4963 2578 4987 1248 4927 3210 4908 859 4961 4367 4878 1380 4969 4408 4965 1036 4964 1708 4976 1245 4973 2393 4959 4181 4892 3202 4977 3876 
4934 758 4937 2237 4956 4672 4904 4755 4874 2404 4961 2547 4988 2324 4949 3788 4934 4029 4970 785 4981 1834 4973 623 4958 1535 4973 1565 4989 2301 4930 2417 4948 1668 4981 1395 4964 357 4954 
2278 4985 1841 4985 411 4971 1840 4987 2058 4979 591 4979 1361 4996 3190 4943 554 4967 2588 4990 3896 4997 1644 4966 4891 4967 3312 4962 485 4990 4255 4924 4320 4997 319 4987 3151 4964 3581 
4866 1348 4890 3890 4938 3142 4886 4247 4963 4795 4959 1732 4971 1163 4973 1626 4956 488 4927 4057 4945 747 4985 350 4935 2080 4953 1609 4916 855 4974 1456 4966 4132 4981 519 4997 3022 4932 
4772 4978 954 4935 4044 4942 1116 4996 4792 4998 3694 4981 3843 4977 4713 4987 1990 4927 3221 5000 4956 4974 1013 4975 1271 4939 1927 4954 2363 5000 1829 4955 579 4967 4624 4969 141 4997 3458 
4904 515 4962 4570 4901 3304 4964 3369 4941 2797 4997 3455 5000 3423 4994 2305 4996 2904 4916 3364 4969 633 4920 4710 4994 991 4992 3695 4952 1815 4980 933 4981 4740 4981 1593 4965 4398 4984 
4872 4959 1684 4894 2181 4929 4099 4880 448 4822 2155 4945 1466 4965 2002 4983 2440 4907 1839 4954 1510 4971 2672 4987 3895 4898 403 4930 110 4981 3324 4954 4745 4915 2477 4965 4182 4936 1567 
4874 2583 4946 1642 5000 446 4989 124 4880 1486 4971 4960 4930 3955 4965 3503 4934 3393 4837 2868 5000 2672 4973 1702 4953 4880 4955 2057 4883 4787 4895 1510 5000 4052 4978 2391 4939 2287 4900 
4509 4991 1143 4852 2842 4920 1658 4928 701 4925 1875 4955 2529 4992 2833 4984 670 4901 1175 4864 4527 4995 4336 4961 327 4926 4732 4974 1226 4913 3009 4906 4451 4885 3613 4942 3264 4908 1252 
4931 1121 4951 3124 4967 4050 4962 3207 4917 1961 4935 1390 4912 3694 4979 3235 4982 3512 4919 4919 4919 65 4997 3235 4945 2993 4996 1016 4936 4282 4971 4457 4874 4478 4985 691 4900 1412 4973 
2953 4944 1848 4993 3145 4965 3550 4852 2510 4960 823 4965 2775 4966 518 4942 33 4923 385 4996 771 4996 1563 4946 3330 4968 1075 4932 2017 4913 4981 4941 1619 4989 107 4881 2830 4925 2321 
4931 2632 4981 2665 4997 4645 4932 3651 4962 3972 4996 2803 4974 4304 4983 3503 4964 2980 4877 810 4893 986 4947 1173 4957 373 4975 4362 4957 3047 4880 4387 4938 3207 4957 1733 4935 1528 4962 
31 35
1811 4938 137 4961 1666 4967 2437 4937 3988 4974 2224 4883 1313 4981 4298 4980 4349 4964 1422 4897 2468 4927 2164 4886 723 4961 869 4938 1147 4892 3739 
4889 1676 4909 4847 4942 4831 4994 2163 4992 4920 4919 1493 4951 179 4987 4101 4934 3626 4983 1106 4962 3744 4956 4205 4924 419 4905 600 4821 1987 4891 
2899 4994 4566 4999 3515 4864 1022 4945 4170 4937 1614 4927 3657 4987 3528 4985 3199 4951 1991 4966 3698 4942 3829 4939 3440 4946 2911 4869 3873 4960 3415 
4961 3614 4986 1333 4999 4548 4926 1873 4903 851 4958 4934 4881 1484 4991 2394 4936 3118 4948 377 4959 1681 4870 606 4965 982 4986 2646 4911 2041 4986 
2584 4984 145 4972 1746 4991 1943 4978 1140 4988 4873 4923 484 4922 124 4974 4118 4873 3025 4878 2865 4878 3283 4977 4820 4916 2148 4944 3583 4906 2113 
4931 3369 4960 172 4988 661 4970 2615 4919 2281 4936 333 4982 4026 4971 1085 4928 4689 4901 1557 4943 173 4943 4871 4878 1520 4964 1181 4908 514 4973 
4428 4947 681 4907 2631 4963 4946 4930 797 4882 3951 4989 1366 4936 186 4918 1979 4894 1119 4924 4287 4984 4151 4924 3738 4923 3066 4965 1604 4981 2119 
4970 3410 4922 4790 4967 1280 4884 728 4958 880 4967 577 4987 3195 4981 1025 4826 50 4992 3986 4945 2976 4878 1201 4906 4756 4962 2712 5000 177 4946 
203 4977 1202 4947 4619 4872 1757 4880 4413 4905 4121 4990 3416 5000 3126 4968 4055 4955 2713 4881 3009 4995 116 4989 4387 4986 4293 4977 2786 4968 1258 
4995 4750 4969 4453 4970 1908 4878 3245 4899 2700 4948 1764 4971 3330 4951 452 4985 3626 4905 729 4964 4201 4935 1589 4999 2080 4977 1189 4987 1196 4934 
3178 4975 2474 4990 81 4979 3596 4983 1590 4955 2862 4936 3509 4953 4091 4943 3597 4928 3952 4942 4995 4971 3751 4995 3740 4984 3854 4956 4506 4978 404 
4883 4465 4979 3140 4970 2557 4943 4421 4946 172 4992 4996 4969 2419 4930 3156 4928 3039 4942 2644 4957 2595 4978 2367 4929 3274 4908 1466 4926 4577 4922 
3936 4988 2466 4984 4899 4944 596 4991 3282 4998 2469 4937 4317 4994 1595 4967 1857 4947 129 4859 2488 4908 2173 4881 1280 4871 1998 4959 3355 4988 1115 
4966 4468 4940 2605 4923 2262 4961 2597 4970 2821 4976 427 4979 547 4958 3171 4938 4500 4973 2903 4906 1693 4941 4318 4951 3556 4937 4233 4972 3409 4944 
2197 4950 4828 4885 3451 4999 2119 4992 203 4992 2400 4984 2942 4896 4053 4919 1392 4968 613 4907 2801 4924 4114 4998 1157 4986 1799 4994 1527 4994 1456 
4909 4304 4948 654 4920 258 4958 3842 4900 4286 4982 4656 4980 703 4981 3463 4966 4220 4989 1686 4932 265 4941 4035 4976 1998 4984 2650 5000 1238 4944 
2138 4951 2230 4895 1980 4959 519 4990 607 4972 2998 4869 3117 4942 1747 4989 236 4980 1354 4906 4594 4929 4535 4931 724 4906 36 4984 3924 4989 3828 
4934 1673 4934 2406 4862 946 4955 464 4907 4549 4995 1594 4947 3320 4974 1786 4891 4186 4946 1003 4983 248 4973 3648 4980 867 4980 1881 4966 2134 4958 
166 4962 528 4958 40 4959 1786 4907 4412 4932 4770 4955 925 4948 4904 4966 1614 4957 3608 4990 3750 4945 2659 4969 1925 4980 4756 4981 2581 4976 272 
4962 1537 4992 2130 4903 4115 4978 3065 4988 4933 4953 1497 4961 2383 4931 4814 4957 1065 4906 4211 4979 1623 4988 2694 4919 4762 4860 4118 4974 1174 4976 
3027 4987 559 4973 1157 4915 4058 4995 4614 4991 627 4923 3815 4958 3567 4930 1748 4915 4132 4982 1401 4940 643 5000 1999 4955 1758 4963 651 4929 4757 
4927 4867 4986 4258 4900 4397 4948 65 4998 3522 4995 3206 4926 2513 4931 1755 4924 1193 4984 1587 4981 3362 4973 4958 4979 1424 4962 1973 4986 2601 4989 
1784 4942 4290 4900 81 4992 1548 4998 3151 4945 3657 4942 1316 4984 3855 4949 4461 4931 4893 4998 291 4955 437 4957 1982 4938 208 4962 1222 4997 940 
4954 3479 4942 4421 4933 1355 5000 2166 4982 3663 5000 1318 4971 3018 4967 1917 4931 43 4980 3585 4834 1847 4977 1971 4937 1625 4990 3932 4907 3736 4971 
4882 4896 589 4984 3502 4965 1590 4954 4481 4968 3186 4969 2753 4986 1540 4937 768 4894 1095 4947 3789 4927 1425 4951 4479 4966 2423 4947 952 4959 831 
4998 3418 4938 1810 4973 944 4990 2320 4993 3766 4984 2553 4953 558 4997 1419 4996 2880 4986 1890 4972 2729 4990 2216 4933 4345 4924 868 4994 2723 4997 
3460 4999 913 4963 1432 4889 1767 4966 2613 4945 381 4908 2045 4962 307 4970 1584 4985 4577 4974 742 4948 2022 4898 4971 4915 4432 4949 309 4955 1314 
4993 1908 4978 4599 4958 4090 4942 4622 4956 3317 4933 2677 4959 4540 4975 4806 4924 4781 4933 628 4909 3856 4796 2416 4911 4841 4897 3229 4900 1742 4954 
998 4922 4338 4976 4882 4989 2811 4976 4625 4948 4492 4997 2960 4905 3613 4977 1370 4895 2193 4923 3249 4818 4369 4939 612 4928 1944 4975 4866 4966 386 
4966 84 4970 4213 4977 1599 4938 1406 4960 2973 4969 973 4999 2320 4954 4758 4988 3559 4949 4309 4856 1844 4766 3934 4952 2409 4977 2419 4991 3745 4910 
3574 4933 996 4979 115 4979 4978 4944 1806 4965 771 4993 4544 4976 3893 4864 3541 4958 264 4983 2386 4847 818 4766 423 30 1171 4979 4790 4961 2559 
4944 2632 4977 1876 4947 318 4950 3595 4947 118 4962 2665 4963 3818 4895 1087 4909 3894 4949 2493 4810 3945 4901 3538 30 2266 33 1494 4965 1594 4999 
1698 4936 3344 4999 4683 4929 3902 4955 4327 4965 3488 4904 2285 4949 1523 4953 199 4950 3025 4930 73 4808 4888 4290 4125 4208 137 4940 1880 4984 4054 
4927 2914 4955 4143 4948 782 4977 3786 4975 3796 4965 851 4970 4464 4920 2148 4983 263 4988 3123 4649 2244 4667 1378 4739 1328 129 4431 513 1231 4972 
3304 4959 2814 4958 1267 4897 492 4973 1592 4963 1348 4943 2662 4941 1961 4930 2620 4995 1586 4987 434 4625 4906 4748 4729 4097 4937 2049 4811 4998 4539 
44 41
4845 1639 4913 4524 4977 3453 4988 1671 4989 2956 4961 3955 4968 3419 4917 3332 4915 2917 4893 1450 4940 4241 4906 3706 4916 1852 4970 317 4979 2181 4928 531 4928 1785 4960 1478 4955 3316 4926 1247 4948 3456 4995 2407 
4584 4817 4366 4972 3477 4946 3506 4912 243 4946 1978 4985 384 4963 1255 4901 1225 4876 2058 4931 3461 4935 271 4970 1923 4929 3923 4918 3712 4913 4785 4840 2358 4991 4463 4885 1375 4826 2561 4915 3371 4993 2775 4958 
4936 4821 4920 439 4980 2716 4924 2651 4934 4337 4977 1061 4951 2112 4984 2340 4975 4999 4964 91 4939 1905 4978 3670 4942 4498 4979 4910 4900 1674 4901 1998 4993 3184 4995 3941 4996 935 4992 4174 4939 3614 4966 2640 
1149 4991 1829 4949 2996 4979 4081 4925 2588 4910 3033 4850 2566 4984 1738 4979 2520 4924 282 4939 431 4956 3240 4911 4364 5000 863 4927 376 4935 3751 4979 236 4999 54 4999 2859 4932 4104 4999 88 4935 2711 4956 
4919 2566 4961 3022 4901 2322 4965 2288 4971 3728 4954 3342 4870 2198 4901 4657 4975 2165 4935 2658 4963 294 4999 4353 4951 3722 4974 4598 4918 1733 4952 436 4954 4341 4978 807 4943 4710 4914 1254 4996 1950 4987 781 
694 4992 2396 4896 4873 4961 3859 4938 3902 4960 3811 4906 1042 4854 4991 4952 4799 5000 2357 4935 1884 4969 4249 4933 2706 4984 4902 4958 2058 4982 1702 4952 1622 4978 806 4904 4144 4914 174 4956 4754 4981 2331 4970 
4919 4821 4889 2760 4908 2927 4997 3731 4899 236 4936 3683 4793 4528 4894 3386 4988 3907 4985 2829 4932 1300 4881 828 4985 3807 4986 2717 4874 2816 4943 4362 4998 1860 4971 252 4977 404 4911 4725 4911 2283 4881 4259 
891 4914 4805 4969 2140 4961 2486 4946 4166 4899 2453 4991 216 4956 2558 4988 1656 4965 2417 4913 3730 4964 4683 4935 4392 4975 4953 4944 676 4916 4998 4922 3806 4993 228 4952 4524 4917 2586 4868 3637 4912 1131 4997 
4975 830 4998 3774 4993 3482 4976 571 4870 2606 4861 59 4952 3650 4998 4358 4938 3657 4961 3423 4922 4173 4998 1453 4958 1378 4915 1090 4939 4509 4973 2323 4996 1046 4884 4870 4935 4410 4920 2804 4927 47 4909 2694 
1756 4984 4001 4973 4539 4975 1613 4969 4291 4874 2545 4928 3363 4954 1854 4944 2057 4916 739 4911 4697 4948 1387 4998 2309 4955 782 4901 176 4933 3085 4989 1985 4908 1813 4973 3726 4921 3913 4944 2785 4912 260 4999 
4921 1794 4961 3352 4950 3045 4989 4432 4950 976 4964 3015 4895 3634 4910 1182 4922 4158 4947 722 4882 2392 4978 2891 4886 1683 4951 4132 4922 2530 5000 1617 4889 3269 4904 437 4921 38 4892 3737 4982 4348 4909 3462 
4153 4961 4090 4968 3884 4977 1023 4993 2084 4941 1191 4954 1391 4974 1746 4962 4229 4946 3659 4952 2006 4947 2338 4956 4640 4897 2513 4866 3533 4972 2142 4991 1769 4962 4696 4936 1805 4961 2606 4960 662 4892 189 4892 
4946 3507 4938 3932 4955 604 4987 1194 4926 1010 4927 3671 4951 1787 4964 441 4972 3795 4944 2515 4922 3735 4915 363 4995 2967 4868 467 4956 2855 4999 1282 4982 4465 4988 502 4897 562 4987 2306 3335 2893 3775 3627 
1192 4873 4488 4950 4798 4951 4171 4949 575 4949 2581 4865 3269 4981 4183 4847 2354 4990 334 4943 1049 4999 3018 4995 3780 4980 787 4938 609 4887 3055 4947 1779 4997 2326 4903 2389 4883 3109 4231 283 2049 2924 4900 
4962 1851 4932 2378 4978 4044 4941 4053 4972 3544 4982 344 4930 3578 4978 4695 4998 4610 4984 2342 4938 1536 4971 1498 4913 1468 4886 4850 4959 2249 4968 1842 4947 441 4998 2437 4920 799 4995 1361 129 750 513 2555 
1943 4994 4518 4879 4504 5000 2698 4982 3063 4934 2800 4930 778 4989 1716 4914 3125 4984 1088 4878 3518 4910 890 4894 2571 4996 2104 4854 3992 4864 1673 4974 641 4998 4923 4978 1782 4878 67 33 3713 30 4951 4334 
4991 567 4906 4229 4839 1185 4996 1836 4928 1137 4995 3952 4980 4899 4939 2137 4968 3956 4846 1713 4981 3619 4922 4845 4994 1408 4932 701 4998 3726 4894 2879 4996 1936 4972 2888 4911 2375 4990 68 30 1381 4423 3088 
4349 4861 331 4896 2546 4914 2336 4874 3644 4982 1833 4996 3514 4923 2796 4947 3269 4927 1373 4943 710 4918 2128 5000 3008 4963 1476 4989 2030 4980 4236 4944 716 4916 932 4957 1054 4916 1914 4921 3373 4698 1928 4599 
4981 2936 4988 1556 4982 1770 4887 3178 4947 828 4972 2866 4992 232 4935 4150 4973 755 4977 3973 4939 4244 4945 798 4920 656 4993 1960 4912 68 4927 3374 4964 497 4964 3067 4916 2574 4923 1931 4947 567 4923 623 
4401 4974 2709 4940 374 4997 1307 4969 1155 4973 596 4967 3713 4923 3576 4890 940 4960 2580 4980 308 4964 3046 4899 371 4915 637 4910 4750 4932 3703 4942 3504 4945 4361 4960 3522 4930 2702 4903 3024 4746 4105 4957 
4977 4689 4963 3151 4988 2616 4850 1319 4949 3717 4987 1851 4847 3632 4987 1711 4963 2199 4947 109 4980 832 4953 3915 4946 4526 4998 1734 4982 2846 4956 1466 4994 3331 4954 4203 4966 4300 4955 58 4860 4632 4857 133 
1484 4917 4933 4971 1017 4919 4642 4972 759 4870 2730 4883 4787 4935 837 4961 4717 4974 3142 4928 2052 4955 639 4991 3197 4907 3050 4856 778 4965 1314 4955 1099 4930 2318 4969 3172 4963 3875 4903 3092 4809 2155 4961 
5000 4199 4994 3238 4942 46 4893 3197 4982 4328 4989 1894 4922 2628 4984 2389 4929 3713 4952 570 4948 3901 4986 39 4928 4452 4918 1509 4974 3085 4884 2998 4973 3569 4946 1035 4942 2191 4906 4577 4788 2651 4975 4588 
4742 4996 1460 4996 4425 4999 87 4974 1218 4970 4951 4966 1865 4980 1776 4988 1578 4909 511 4995 2244 4996 4335 4968 2305 4993 932 4975 504 4897 1505 4978 4473 4987 1442 4948 4878 4955 395 4910 2352 4874 4989 4714 
4987 4201 4956 241 4950 485 4884 1090 4927 3189 4943 1901 5000 441 4935 4857 4977 2947 4933 3608 4967 586 4929 1540 4895 4532 4977 3140 4885 4405 4942 3955 4927 3349 4981 2884 4990 1798 4969 159 4925 4136 4749 727 
2633 4962 3696 4856 4020 4921 3356 4974 605 4880 2151 4949 3430 4892 581 4920 3408 4955 564 4961 1869 4981 405 4895 88 4972 2372 4959 3870 4966 1173 4956 1900 4942 1790 4997 735 4968 238 4911 1875 4920 3519 4721 
4911 2702 4991 3320 4998 3897 4873 1191 4966 4744 4970 1336 4961 160 4935 3049 4921 2506 4936 1728 4979 2824 4929 4574 4947 2621 4985 2918 4988 2928 4972 4989 4942 2593 5000 2342 4967 4027 4945 57 4945 4475 4891 1574 
1944 4997 673 4971 2629 4991 1024 4949 1860 4907 2646 4971 2620 4930 4485 4992 4583 4971 4057 4994 3136 4889 1269 4845 1595 4996 3973 4946 922 4984 1265 4956 3355 4945 71 4996 222 4963 1044 4974 356 4982 2307 4893 
4964 2771 4946 230 4989 996 5000 3881 4971 1870 4896 1778 4926 2087 4894 881 4989 2952 4960 292 4972 4476 4891 210 4954 445 4929 3324 4906 3746 4944 3347 4977 4527 4914 1707 4975 1996 4980 2449 4958 3596 4920 3512 
1275 4956 1558 4930 1928 4927 4796 4944 739 4954 1365 4973 3761 4963 3735 4994 1017 4987 2636 4959 2646 4967 1697 4970 2311 4948 3458 4934 2060 4912 1050 4905 4653 4888 1857 4959 118 4890 4357 4981 4818 4986 2745 4966 
4994 4875 4876 4103 4962 4239 4981 4963 4954 2774 4984 2881 4967 964 4929 2220 4952 2085 4952 2472 4948 1049 4987 3682 4939 3348 4993 3504 4881 1180 4941 4263 4986 4532 4939 1692 4976 2156 4951 4124 4975 621 4967 3425 
4294 4950 2664 4970 2096 4910 2005 4935 784 4949 1384 4992 3058 4963 2868 4909 1587 4924 3913 4920 1339 4975 2134 4973 1506 4899 2762 4957 393 4972 166 4991 4691 4985 3265 4919 4051 4995 2077 4953 3491 4956 1226 5000 
5000 961 4976 3695 4950 1614 4977 1964 4959 2297 4971 1571 4943 1640 4940 4774 4939 1292 4916 349 4985 3622 4993 1918 4993 3243 4859 2277 4973 1252 4955 4069 4987 3266 4993 1586 4955 649 4994 3035 4980 1336 4949 2768 
2043 4929 3123 4938 4926 4962 2243 4925 4431 4990 4559 4975 1126 4948 4042 4996 1990 4956 3867 4985 3437 4998 1588 4984 1931 4979 1524 4976 2395 4974 1808 4927 2203 4985 2903 4962 3660 4972 3296 4918 4266 4940 1306 4938 
4942 2181 4916 324 4894 4229 4987 2921 4955 1590 4963 2091 4879 458 4899 4962 4983 4373 4945 4996 4960 563 4994 2168 4939 4427 4956 1244 4942 1951 4948 3963 4942 4668 4960 3488 4943 4251 4976 1285 4981 2318 4951 2778 
591 4966 1962 4944 2788 4986 850 4890 1777 4996 2098 4878 1372 4968 1350 4943 4660 4961 2889 4938 3438 4962 1980 4966 4154 4998 4300 4903 2596 4989 4397 4934 4445 4956 4458 4992 3509 4982 3512 4965 1184 4984 2280 4986 
4998 3017 4949 2733 4922 3997 4902 1226 4996 2773 4873 4302 4985 905 4991 144 4902 3470 4874 240 4926 3316 4947 174 4971 3177 4980 278 4883 1754 4981 3165 4967 4774 4971 1054 4925 4012 4989 4067 4958 3091 4940 212 
2842 4885 1681 4985 3844 4904 2880 4969 1030 4962 115 5000 1963 4929 4476 4908 291 4929 4931 4956 2119 4993 496 4991 1637 4920 688 4984 50 4930 1215 4976 2982 4971 3513 4991 4185 4914 2630 4931 233 4961 2970 4987 
4917 1970 4901 4863 4970 332 4970 2109 4996 3365 4917 3322 4986 1077 4983 1882 4968 2126 4927 271 4934 1419 4992 1014 4919 251 4995 2917 4960 4953 4999 3970 4988 4192 4962 2337 4976 2651 4954 3955 4986 3401 4989 4462 
1289 4984 2379 4967 4491 4905 3258 4924 1970 4916 1272 4936 4280 4997 4225 4953 4000 4914 864 4909 4412 4965 886 4951 1374 4943 1806 4974 3264 4921 220 4993 349 4985 1510 4996 3277 4979 4422 4959 3968 4937 4739 4957 
4972 1222 4913 80 4967 3690 4975 4925 4962 4688 4953 3286 4910 4754 4998 1866 4960 1390 4998 4762 4985 1675 4914 3369 4969 675 4989 2254 4955 595 4918 1387 4992 3420 4937 4851 4962 110 4962 1700 4948 1436 4991 3664 
41 43
2351 4909 3396 4985 726 4922 2901 4934 1484 4901 4063 4929 137 4981 4218 4992 4066 4986 4952 4906 147 4932 1358 4949 4298 4943 1474 4905 2213 4963 4351 4951 3190 4924 1492 4992 1855 4975 3471 4921 4381 
4882 1051 4974 3806 4922 192 4927 1844 4960 4108 4973 1018 4918 57 4882 3402 4946 2235 4953 456 4879 4948 4946 3307 4916 833 4926 3530 4873 79 4926 3932 4969 2958 4963 3399 4994 2357 4838 2230 4926 
899 4947 3402 4933 2528 4929 1861 4943 4001 4973 4973 4973 193 4981 988 4869 3758 4975 995 4865 3754 4994 691 4937 1841 4937 4621 4919 1313 4990 3846 4917 863 4904 4667 4994 640 4935 3268 4897 2418 
4946 1159 4967 4503 4977 130 4977 1975 4972 4004 5000 3172 4954 1827 4896 2766 4927 651 4954 4039 4949 1939 4989 205 4917 263 4951 893 4976 4196 5000 90 4940 2992 4959 1002 4961 4890 4872 603 4988 
1056 4945 2441 4910 2847 4998 2045 4925 2018 4910 3191 4985 2941 4972 1716 4880 4930 4889 3390 4980 3515 4976 343 4980 2256 4972 2124 4960 3663 4995 1446 4991 1653 4962 975 4948 3441 4998 1963 4978 4734 
4989 1536 4924 3276 4923 1834 4984 4289 4891 3941 4969 1991 4961 3075 4924 4506 4999 169 4944 409 4976 476 4975 2669 5000 703 4957 3266 4977 4365 5000 847 4902 2489 4910 1885 4966 2569 4952 524 4972 
2960 4946 2781 4935 3466 4991 948 4883 3810 4946 1560 4939 2999 4923 3373 4949 933 4889 2613 4951 4896 4926 1604 4818 846 4939 1720 5000 3943 4932 3841 4956 4126 4951 3404 4958 4976 4992 4924 4963 1628 
5000 1351 4994 2878 4967 332 4974 647 4954 4446 4927 2706 4974 1367 4974 2068 4920 2736 4893 3344 4954 3562 4940 4157 4939 434 4983 3871 4974 1882 4937 4704 4987 193 4938 2722 4979 3274 4970 3143 4984 
1110 4980 1799 4928 1188 4954 3710 4964 181 4919 667 4939 4072 4946 75 4932 4550 4985 1262 4933 4402 4879 2178 4916 401 4906 1544 4956 1380 4987 233 4922 4895 4975 4705 4934 4339 4954 1518 4937 3239 
4975 4047 4924 917 4973 481 4875 332 4906 2515 5000 1237 4915 3147 4947 598 4963 181 4907 3527 4984 2742 4911 2938 4995 1942 4892 3268 4938 1347 4964 1977 4961 1913 4961 861 4960 3030 4966 4326 4989 
376 4979 3347 4923 4587 4915 4917 4972 4027 4916 3876 4984 3634 4951 478 4929 3593 4981 4709 4853 4281 4941 1434 4932 2252 4932 4582 4985 2410 4979 2949 4952 3055 4985 2967 4939 4512 4996 1893 4968 2246 
4951 3821 4905 209 4978 4231 4941 4757 4984 2972 4983 3569 4958 3652 4983 3697 4994 324 4971 4875 4909 1255 4920 4378 4976 3044 4876 1896 4919 1495 4999 1469 4976 3596 4997 1535 4996 3685 4939 3223 4935 
4171 4931 1580 4978 3549 4963 4773 4963 1345 4966 4080 4969 4013 4579 4836 4917 2479 4960 1115 4949 462 4911 2863 4920 4517 4967 4139 4948 4739 4926 3255 4995 791 4985 1697 4991 2177 4964 4536 4935 656 
4976 4588 4940 3865 4970 2262 4993 4559 4969 632 4958 1053 4994 2834 4557 2088 4819 2114 4853 2315 4848 4007 4961 2076 4889 1780 4926 3418 4853 3734 4852 3096 4885 4296 4979 2755 4991 4616 4966 1791 4966 
266 4916 913 4933 3986 4980 1286 4984 4246 4958 4748 4927 3222 4415 4426 4688 103 4843 144 4858 614 4896 809 4902 1272 4848 1407 4994 4479 4922 2290 4969 3841 4970 3264 4987 3103 4927 1787 4968 1437 
4975 2690 4996 3547 4909 1885 4926 4253 4959 113 4948 122 3820 3896 3371 1136 4823 285 30 3880 4879 3593 4954 4596 4834 275 4882 3112 4991 957 4874 2583 4928 3474 4959 4697 4929 3866 4946 3951 4943 
2566 4943 34 4922 1381 4925 2075 4963 2171 4978 4223 4949 1084 4957 2254 4801 4446 301 1279 30 3816 4932 1247 4952 1648 4888 1468 4971 3586 4903 1738 4949 4493 4976 4469 4994 3043 4976 1655 4968 4360 
4998 916 4986 3559 4935 2457 4919 4373 4986 499 4956 2898 4961 371 4959 4036 1201 53 129 2026 33 1876 4976 903 4971 3289 4917 3989 4966 586 4947 2896 4898 2122 4962 890 4896 1414 4897 809 4978 
4295 4968 2561 4982 2594 4943 469 4944 2617 4973 2314 4966 2261 4976 4814 4936 304 4913 71 4959 921 4958 3824 4988 3183 4999 3097 4987 4918 4974 2005 4955 402 4920 3647 4961 2436 4993 2064 5000 3370 
4913 1263 4944 4745 4993 171 4883 2968 4975 4851 4975 1441 4923 2012 4939 1160 4990 498 4921 3703 4904 2040 4949 915 4980 4647 4973 3248 4916 4171 4930 258 4946 1433 4986 4772 4991 3981 4993 4453 4926 
162 4912 676 4988 224 4993 201 4954 1279 4843 2619 4927 3970 4944 4807 4981 859 4996 3750 4956 1379 4965 3081 4955 1461 4998 3687 4962 4426 4943 3285 4945 228 4954 3671 4995 3629 4987 4513 4894 3505 
4986 73 4950 3448 4945 4703 4958 519 4954 599 4965 2330 4988 1819 4937 3199 4984 3284 4958 797 4930 231 4972 1676 4980 3305 4951 2248 4962 2628 4904 3030 4998 2737 4960 3584 4949 1979 4892 2617 4978 
425 4912 4407 4931 729 4943 4953 4985 2902 4938 1477 4964 1070 4908 871 4897 2168 4904 4386 4939 3261 4938 4957 4920 4640 4918 1747 4981 3772 4990 615 4905 2761 4973 1675 4976 2180 4943 283 4989 2354 
4949 309 4941 4233 4904 970 4896 2965 4932 382 4933 785 4968 239 4965 1224 4989 3837 4988 405 4983 950 4962 3226 4913 2943 4909 323 4976 3150 4954 4323 4971 3836 4999 4232 4975 4171 4999 4678 4989 
1423 4940 1684 4903 1257 4970 3908 4878 3639 4908 4866 4992 2910 4921 1152 4918 1183 4945 2435 4890 1192 4920 4650 4898 1537 4843 4634 4920 2788 4948 655 4982 984 4913 1445 4907 4300 4906 2353 4946 2918 
4971 4485 4990 2058 4981 3816 4943 2826 4943 2363 4980 2123 4938 2812 4899 575 4949 607 4966 3068 4982 4460 4907 646 4874 295 4948 1208 4991 4468 4948 2696 4942 636 4865 2966 4976 1365 4852 1738 4982 
3175 4967 3219 4986 558 4946 2461 4898 1639 4977 4805 4977 3686 4971 3597 4975 4863 4933 508 4957 853 4915 4504 4945 2985 5000 223 4953 1560 4945 38 4962 4765 4980 3628 4994 2539 4967 195 4890 212 
4953 1988 4979 3506 4968 3202 4940 723 4982 3514 4991 2619 4917 3334 4860 2042 4936 1732 4860 3446 4962 3052 4971 3169 4939 3797 4974 3159 4983 798 4965 4446 4942 38 4971 3505 4910 1129 4882 3460 4847 
4736 4929 2978 4994 2827 4938 3623 4987 2265 4984 1546 4957 2904 4962 810 4884 3028 4886 4939 4973 4812 4999 2124 4868 182 4943 2561 4966 863 4962 4759 4915 3695 4971 2013 5000 506 4906 2979 4831 1902 
4975 2739 4992 4570 4964 3597 4999 977 4978 2750 4992 1616 4949 1913 4962 2913 4975 1583 4988 4391 4952 2045 4955 1824 4993 1621 4924 4930 4964 3841 4959 4581 4921 2108 4948 2800 4804 4420 4883 2523 4847 
2478 4973 4118 4965 1042 4922 586 4972 2479 4960 2854 4963 3101 4941 4774 4935 3857 4898 2197 4933 4796 4999 4063 4925 1492 4934 3979 4921 1076 4935 2537 4987 3436 4969 493 4969 487 4983 1082 4939 1194 
4947 2505 4984 4144 4945 3125 4943 2761 4922 1714 4897 2643 4953 2631 4988 3346 4942 3831 4961 4425 4916 150 4921 4777 4970 906 4939 1397 4981 2356 4942 4957 4971 3829 4978 1598 4989 1105 4967 2079 4889 
66 4977 1720 5000 437 4885 4142 4887 3168 4995 1584 4937 1847 4938 4458 4986 3663 4960 3363 4901 4501 4913 255 4933 2082 4985 3827 4912 3687 4926 1741 4981 4267 4993 449 4969 3894 4809 2704 4930 3408 
4977 3030 4969 1929 4974 4186 4993 1750 4985 203 4884 3565 4960 3353 4945 2423 4878 2848 4996 2461 4957 3558 4987 2079 4958 2947 4977 4024 4951 1379 4934 1618 4981 1038 4955 1740 4926 3096 4985 2042 4958 
176 4977 3987 4947 4326 4991 2838 4905 2720 4935 1312 4936 4769 4963 1404 4971 3824 4917 3392 4926 513 4941 4932 4956 1637 4983 3988 4984 4899 4976 2682 4961 921 4970 3264 4879 440 5000 2049 4953 1172 
4994 2347 4933 479 4959 3568 4985 4946 4949 3106 4983 4374 4956 4580 4919 233 4934 3733 4965 4786 4925 2314 4903 2920 4967 1434 4861 4986 4900 819 4815 4153 4972 779 4918 624 4966 3705 4953 165 4963 
2153 4957 3366 4895 1186 4968 4969 4981 3117 4961 1561 4944 4590 4912 3620 4989 3671 4985 2444 4997 2592 4994 555 4967 4282 4965 3067 4868 2631 4905 2342 5000 4557 4975 3477 4926 4127 4943 560 4920 3338 
4960 645 4963 3974 4901 2477 4993 413 4903 2160 4998 4535 4954 1779 4984 3514 5000 1937 4942 4101 4939 1449 4997 538 4882 2819 4933 2780 4998 664 4948 376 4924 3449 4995 483 4938 1584 4924 1847 4864 
292 4944 4364 4989 2403 4975 1637 4971 3407 4974 4346 4973 2403 4993 4842 4954 2945 4974 3875 4898 1790 4956 4451 4963 2449 4934 2543 4901 2523 4919 2038 4961 4330 4946 2036 4948 2105 4912 3844 4902 3886 
4898 1057 4936 686 4914 4577 4892 3763 4937 891 4924 1694 4992 1736 4855 4504 4975 2249 4921 1968 4947 830 4965 2025 4956 4019 5000 4065 4869 1091 4962 3095 4976 4448 4915 709 4929 3391 4949 2542 4961 
1161 4851 1151 4969 1263 4913 2670 4978 2386 4931 3235 4979 4625 4971 3204 4978 2123 4941 1871 4951 4336 4993 4870 4956 4769 4938 2261 4974 3296 4965 1254 4993 466 4976 4336 4998 532 4839 2138 4983 3544 
4862 3678 4891 3875 4988 1460 4931 1015 4937 1457 4951 2790 4972 4882 4946 1739 4923 2901 4964 2417 4957 4226 4969 2747 4915 177 4990 2737 4940 4853 4913 2439 4983 2131 4936 2683 4956 697 4996 4939 4979 
3771 4911 506 4932 2735 4954 1621 4927 2943 4942 1482 4951 1782 4958 2214 4942 2257 4984 333 4913 3329 4943 801 4897 1543 4986 626 4951 3919 4951 2457 4996 1962 4990 4986 4919 330 4982 4266 4954 4462 
41 50
1242 4948 2395 4892 4259 4912 3278 4958 3075 4908 2382 4919 1032 4982 1180 4949 3881 4999 940 4957 322 4924 484 4952 3236 4931 1882 4945 3811 4950 4943 4926 3883 4930 2005 4880 962 4985 4965 4996 3368 
4972 3035 4976 3947 4996 2107 4979 3509 4965 555 4952 1859 4953 1390 4934 3011 4919 4603 4937 4831 4981 3153 4961 3160 4992 4903 4953 4712 4978 1432 4930 1172 4909 44 4986 940 4992 3223 4975 132 4992 
242 4976 73 4979 3589 4999 4137 4962 3852 4947 4010 4979 3546 4992 3867 4956 456 4958 4388 4914 3008 4984 2024 4973 3949 4980 2096 4941 1551 4962 294 4954 2575 4954 4175 4884 3770 4932 4544 4939 2444 
4918 724 4964 455 4996 4692 4963 2729 4978 3940 4915 4536 4992 2639 4992 1229 4986 4143 4935 4209 4947 4108 4874 4463 4982 2134 4971 1912 4879 3100 4978 4667 4963 4651 4870 1335 4908 1931 4991 3888 4960 
4665 4813 373 4959 4592 4968 1107 4973 3544 4944 1201 5000 3676 4921 2793 4965 2425 4912 122 4964 1951 4963 3531 4975 4902 4921 3411 4989 923 4944 333 4976 2072 4943 1279 4884 395 4898 3178 4970 4453 
4965 3410 4974 2328 4988 1825 4990 2064 4953 1212 4959 4564 4882 3286 4885 4490 4987 237 4889 3033 4988 1548 4887 4898 4952 974 30 3806 33 3409 4976 1904 4904 375 4984 596 4908 2784 4913 4488 4869 
4232 4900 3589 4966 4725 4984 940 4919 2796 4945 769 4901 252 4925 4652 4918 3205 4987 266 4952 4237 4982 789 4892 3801 4948 4059 30 844 129 1045 4954 435 4998 2808 4959 3801 4915 3539 4999 1470 
4983 4938 4815 2688 4934 4099 4855 1519 4975 69 4909 2912 4967 317 4935 2215 4978 1057 4935 2424 4997 793 4982 2427 4946 4719 4895 1204 4338 1800 513 4414 4947 1708 4945 2480 4926 4323 4879 1020 4867 
1823 4882 1166 4911 4768 4999 3882 4893 2113 4920 3445 4946 1984 4993 1047 4876 2367 4949 2001 4976 252 4985 63 4920 1313 4927 664 4374 3899 4270 3278 2049 3390 4986 1484 4871 1839 4951 2204 4902 2186 
4953 3816 4936 2582 4876 1211 4880 3800 4905 3254 4973 3167 4920 2550 4893 1885 4958 1223 4993 3241 4985 3202 4953 3483 4905 4879 4894 1353 4849 963 4254 2385 4803 1757 4956 3890 4967 2460 4895 1448 4889 
3012 4944 4514 4922 1110 4886 1836 4954 905 4972 4568 4976 1612 4974 2600 4967 1586 4998 4825 4977 1256 4972 1707 4960 3877 4975 1587 4879 4658 4533 1405 3917 3730 4965 3032 4942 3961 4904 244 4895 3948 
4932 1789 4947 4821 4963 3206 4951 2798 4941 955 4986 2339 4938 1745 4981 234 4941 1770 4972 1766 4955 1733 4960 90 4893 1187 5000 2953 4848 1270 4595 4165 4983 2745 4903 1011 4994 1535 4953 2280 4901 
1568 4957 4079 4986 3464 4897 4692 4990 4904 4991 1432 4868 3291 4859 4037 4942 2597 4926 2250 4985 3933 4980 2132 4967 4755 4860 2290 4840 4142 4829 4902 4678 3370 4976 1920 4966 3882 4976 4868 4983 4275 
4976 4870 4851 4869 4965 1505 4984 1035 4943 3582 4991 508 4984 1633 4936 756 4962 3819 4971 4654 4955 1935 4959 4970 4951 4959 4924 3724 4688 1969 4742 3740 4974 2509 4993 603 4953 4587 4933 2901 4911 
3084 4908 968 4949 909 4935 3012 4993 2391 4964 349 4974 3785 4997 4866 4948 2167 4920 1128 4962 4450 4991 2574 4931 2098 4846 1734 4924 4081 4800 1845 4959 4578 4999 2578 4939 4358 4995 3256 4961 3814 
4946 2763 4919 1811 4944 2581 4995 3248 4887 3749 4958 1011 4908 877 4956 1324 4970 1765 4947 2990 4986 624 5000 4167 4973 1776 4959 1091 4904 1956 4768 3973 4996 1772 4993 1226 4938 3377 4965 1177 4958 
4597 4973 299 4917 1505 4999 1166 4998 2516 4920 2753 4949 2541 4956 3990 4977 2391 4963 2876 4951 4585 4945 776 4941 1694 4936 867 4973 950 4975 904 4962 3097 4953 2050 4935 4973 4868 4382 4963 3002 
4846 3801 4825 3743 4983 4693 4972 3135 4997 3608 4967 2350 4975 4752 4986 4741 4963 4406 4957 4107 4982 1788 4975 2488 4947 4919 4974 2650 4975 2553 4991 428 4853 1614 4958 3530 4971 4606 4962 2633 4958 
3092 4852 2456 4968 3745 4943 482 4949 1264 4847 963 4965 749 4977 2105 4962 270 4952 2543 4938 2222 4987 3978 4886 527 4986 2927 4995 592 4946 96 4995 4672 4893 2170 4950 2837 4964 627 4976 2617 
4849 297 4887 2203 4977 3006 4995 270 4973 91 4880 3901 4957 2648 4986 1284 4959 2336 4905 925 4924 376 4919 2066 4919 253 4919 2277 4977 2446 4985 3690 4937 751 4999 2205 4961 4180 4960 2375 4918 
2688 4910 1437 4967 4497 4970 907 4916 1386 4980 1646 4997 599 4982 4140 4922 3627 4888 4986 4945 4649 4963 3636 4913 3768 4956 1988 4981 4281 4972 3547 4988 744 4991 1215 4982 4932 4961 1793 4961 3805 
4898 3401 4888 193 4998 3340 4939 1898 4977 4303 4996 923 4964 1776 4936 106 4977 2873 4983 4752 4924 3793 4891 2126 4946 4871 4997 2741 4998 3398 4987 1402 4957 1903 4898 4811 4996 3273 4984 2126 4933 
3319 4981 3394 4961 3841 4984 2842 4977 3482 4982 1922 4966 4865 4962 4270 4920 1207 4982 896 4898 3115 4971 3370 4882 1857 4986 3444 4979 3298 4983 4541 4984 2479 4932 1909 4951 3928 4986 1621 4955 4537 
4996 4029 4886 1878 4923 1988 4908 2631 4967 941 4974 424 4955 3632 4923 3983 4983 1398 4941 909 4961 3480 4965 2529 4983 1982 4992 2875 5000 4137 4974 3539 4994 1066 4982 2377 4970 1843 4972 4682 4906 
2113 4969 3834 4951 1541 4894 256 4896 4158 4919 3084 4984 4578 4913 1316 4979 1544 4903 1372 4970 2618 4925 480 4994 479 4967 4429 4980 775 4988 1099 4953 276 4896 4798 4962 882 4968 3626 4951 3183 
4969 1670 4991 3713 4887 948 4944 3835 4984 3433 4921 4237 4914 1731 4971 1660 4883 4943 4924 920 4934 3407 4885 2172 4938 713 4976 135 4968 4379 4998 454 4994 1584 4869 4035 4935 2084 4930 2487 4907 
3032 4999 4037 4997 3851 4934 3418 4954 2060 4875 2083 4888 542 4973 1994 4882 4625 4881 1172 4971 1239 4994 2693 4999 2701 4937 2408 4880 1623 4968 1644 4994 3624 4873 1608 4937 222 4981 1710 4964 3809 
4882 1350 4943 3673 4979 4907 4962 2123 4907 2199 4999 3678 4971 3609 4881 2467 4994 3653 4937 1182 4953 1752 4976 2485 4950 1473 4990 3888 4978 1581 4977 4770 4961 4972 4923 3960 4939 4825 4964 4299 4906 
4723 4985 510 5000 1024 4935 3187 4972 4428 4945 491 4893 1889 4944 2962 4915 721 4905 1406 4941 3467 4997 447 4982 1987 4951 3903 4907 3920 4964 3476 4975 385 4930 3640 4983 3011 4961 2541 4985 2381 
4976 3127 4984 2029 4970 1685 4901 2497 4949 4637 4939 810 4938 329 4895 2385 4935 4575 4994 458 5000 855 4902 2618 4965 3803 4995 773 4906 4112 4983 524 4959 556 4957 3381 4913 1900 4945 653 4883 
798 4944 465 4953 1638 4944 3281 4992 4216 4925 1256 4920 1423 4946 2286 4913 2677 4934 3492 4956 1736 4926 3418 4974 4386 4999 4893 4879 851 4894 2093 4941 4286 4969 4712 4907 3077 4968 2047 4958 201 
4997 2316 4987 1268 4967 2331 4930 4366 4932 1443 4931 3709 4969 1948 4911 1544 4997 857 4922 3240 4939 2051 4983 2759 4994 137 4994 2619 4915 1080 4972 781 4892 4010 4978 2269 4948 2181 4950 2566 4958 
1047 4904 3484 4913 2575 4991 4318 4952 3949 4942 2296 4955 4799 4933 3925 4884 631 4824 3845 4928 4460 4955 2180 4982 4675 4949 372 4901 4962 4968 3615 4886 4668 4997 50 4978 877 4975 4976 4944 4752 
4953 579 4998 2318 4966 590 4980 1926 4920 1980 4951 38 4998 2926 4971 4002 4980 2278 4921 2180 4907 1603 4921 3484 4995 1665 4983 3148 4965 1483 4999 4365 4993 3965 4978 42 4998 4845 4983 4613 4966 
3161 4947 4795 5000 4559 4980 1456 4922 1463 4990 3444 4985 2172 4968 2063 4975 4412 4975 904 4935 2105 4948 3254 4990 146 4995 2425 4924 1734 4885 3348 4983 4219 4979 163 4973 3710 4960 3961 4922 4702 
4938 3067 4981 2891 4971 4010 4976 2371 4980 1465 4981 1762 4917 3171 4979 3881 4949 610 4992 4806 4996 3532 4857 511 4973 4017 4935 2545 4980 2427 4971 4437 4935 1919 4947 3457 4976 2517 4895 65 4893 
2767 4915 3590 4937 1321 4995 1392 4972 3057 4875 1511 4948 1539 4981 1855 4977 3004 4992 1227 4953 2078 4957 3723 4922 2163 4867 1180 4998 677 4929 2348 4986 3745 4934 398 4954 4696 4930 2234 4949 3767 
4892 3809 4995 2059 4861 2210 4926 1002 4950 914 4948 950 4973 247 4927 1666 4946 3766 4902 4283 4921 4159 4981 287 4901 161 4963 1951 4980 4458 4965 4327 4994 61 4989 3823 4829 1825 4845 3625 4994 
1452 4961 243 4996 2806 4986 576 4884 2459 4980 1692 4974 4277 4986 576 4951 2228 4908 776 4979 502 4964 4828 4997 4130 4916 1536 4997 3063 4922 4475 4985 3239 4994 2069 4936 1822 4893 4763 4987 822 
4913 3245 4951 4002 4858 3953 4975 1771 4977 4872 4977 3949 4971 1533 4951 1440 4910 4844 4991 3458 4942 4677 4943 54 4940 4381 4969 4984 4895 3576 4940 1634 4955 2769 4988 3437 4856 4352 4854 2627 4938 
4982 4988 1735 4983 3213 4941 3021 4984 4767 4968 4172 4947 1976 4960 3804 4990 1963 4913 828 4950 328 4945 2388 4924 2648 4951 1931 4910 2365 4995 1508 4981 2243 4974 4116 4905 4123 4933 215 4897 1174 
4950 1856 4980 258 4892 333 4974 3842 4920 1137 4975 1151 4950 3558 4987 1192 4993 3119 4983 3037 4924 1770 4987 727 4964 2313 4951 2100 4901 1205 4941 3975 4940 4704 4850 1489 4972 578 4980 3951 4860 
4110 4957 145 4983 2943 4906 2695 4930 3900 4947 1590 4967 3829 4992 3106 4895 94 4969 341 4983 2864 4963 4727 4905 2060 4895 1883 4978 509 4949 4252 4985 2348 4922 466 4999 4145 4966 1113 4974 3417 
4968 2226 4877 1627 4993 1413 4864 1593 4891 1453 4966 4919 4892 1473 4909 4489 4975 606 4952 1344 4997 878 4982 4654 4994 3228 4842 3646 4959 643 4958 2336 4956 2606 4940 3775 4977 2216 4955 2260 4998 
410 4931 254 4931 793 4960 1243 4958 1773 4947 842 4936 4932 4922 3965 4928 2294 4979 1161 4862 4773 4895 3749 4928 4190 4899 3208 4975 2685 4950 4327 4983 629 4987 230 4934 593 4929 1872 4933 1001 
4968 1067 4981 3975 4986 3824 4969 4577 4978 1376 4947 2127 4999 4755 4958 2825 4930 3015 4953 3103 4924 4384 4960 3850 4944 3324 4970 4407 4860 4987 4885 3848 4851 1646 4978 2579 4984 796 4941 3570 4986 
1577 4953 4432 4965 3362 4990 4249 4994 4933 4935 652 4935 3331 4889 2992 4902 1428 4941 1825 4965 464 4892 2604 4929 936 4877 3692 4958 3413 4976 3724 4947 958 4974 4850 4958 2018 4927 3856 4870 2704 
4975 3834 4946 2086 4943 302 4933 2835 4972 2321 4942 2132 4904 268 4943 2626 4993 339 4961 1133 4974 1844 4994 2906 4978 1659 4967 1564 4932 2527 4982 1929 4984 1284 4958 493 4963 2521 4937 2729 4995 
376 4980 2540 4947 2611 4920 2631 4961 905 4938 242 4979 2527 4976 3872 4947 2712 4993 1581 4955 3505 4965 4525 4952 1165 4996 4459 4986 2152 4985 4332 4881 4301 4983 4726 4981 3291 4907 74 4907 1702 
4913 3379 4946 160 4946 826 4965 1983 4981 4708 4905 2652 4953 2121 4940 2086 4998 3251 4954 3257 4949 3231 4952 1852 4998 2226 4993 3811 4975 1896 4920 1202 4963 4008 4959 3960 4958 3007 4984 347 4996 
46 42
4900 2615 4952 4407 4889 763 4996 2700 4991 129 4876 758 4959 4808 5000 380 4866 2596 4988 3947 4973 4505 5000 2905 4984 2251 4944 3047 4899 2678 4927 4474 4929 399 4925 2069 4975 2559 4963 3757 4931 4683 4999 4044 4993 2877 
2187 4966 2380 4977 1203 4916 2309 4939 3883 4997 3250 4976 274 4959 4860 4929 3908 4907 4399 4902 3032 4971 99 5000 3612 4973 1683 4920 1235 4974 3892 4929 554 4947 4242 4990 2025 4941 2026 4949 4930 4952 2640 4993 754 4958 
4953 2286 4952 850 4907 4765 4979 3401 4996 1333 4938 4536 4921 3199 4974 4251 4986 1595 4982 35 4977 4121 4996 3102 4944 118 4927 3260 4960 182 4968 1195 4990 912 4978 3139 4944 4589 4950 815 4981 2068 4931 1385 4995 4725 
4635 4956 1572 4988 4456 4990 4723 4999 2421 4883 2073 4937 558 4990 1136 4972 1452 4996 3235 4960 791 4965 3231 4975 3786 4955 667 4922 1650 4974 3501 4889 1664 4978 3223 4944 4099 4942 494 4946 3133 4906 415 4992 1048 4975 
4919 192 4881 859 4961 2374 4982 1316 4931 4651 4923 1084 4927 4600 5000 4107 4948 3326 4928 691 4968 2289 4987 2799 4882 902 4990 292 4910 1654 4997 2018 4987 469 4983 3478 4943 547 4951 1991 4921 2347 4949 317 4960 4503 
3909 4929 827 5000 671 4980 2658 4938 1089 4959 2802 4910 1001 4965 724 4983 3273 4964 3672 4923 788 4884 2355 4970 3662 4977 884 4869 1398 4918 258 4966 1102 4826 601 4983 2099 4997 4032 4923 2534 4975 3978 4968 2516 4979 
4984 3802 4967 920 4994 3358 4952 3953 4950 1724 4996 4465 4910 1433 4900 4041 4951 2547 4930 2214 4978 3824 4838 4621 4925 53 4895 3054 4977 1343 4975 4406 4935 4906 4983 129 4987 845 4925 2868 4952 3929 4986 4715 4940 2033 
240 4993 3348 4994 2281 4975 962 4948 4789 4953 3665 4859 3920 4976 2837 4959 577 4946 1005 4998 2732 4907 3120 4944 433 4981 115 4905 2426 4988 2290 4989 4067 4917 1528 4886 2317 4901 2130 4932 4179 4982 1002 4916 761 4939 
4965 4909 4915 1980 4933 3852 4937 734 4988 872 4977 828 4919 3428 4980 2583 4982 1867 4975 4034 4906 3231 4992 2052 4957 4140 4973 3189 4964 4610 4971 3970 4986 235 4956 4448 4954 4226 4994 2037 4964 1119 4988 4638 4908 972 
2059 4970 1796 4946 3451 4977 2810 4950 3494 4903 1226 4983 1300 4984 1224 4950 3123 4982 3450 4996 279 4889 748 4975 4195 4938 2643 4969 1699 4950 588 4916 4432 4947 1390 4860 2263 4979 2192 4968 2007 4897 3783 4855 1311 4926 
4970 1498 4912 338 4969 4752 4893 3397 4918 4290 4985 3560 4980 2376 4935 3507 4894 4198 4929 4227 4996 4038 4940 3155 4937 1066 4993 397 4935 1089 4945 2039 4944 2644 4972 3416 4949 2489 4970 3707 5000 775 4999 2129 4962 3345 
1632 4991 4502 4991 971 4967 1008 4985 2120 4979 261 4976 3029 4936 2851 4963 2051 4948 2885 4897 3223 4890 2505 4962 201 4939 1832 4992 2987 4944 1553 4903 4870 4911 774 4983 2873 4975 4515 4993 4280 4985 2082 4962 2161 4924 
4953 1184 4952 3739 4938 1952 4887 4965 4921 3143 4983 4045 4975 3470 4949 4243 4901 148 4986 4372 4937 3363 4893 4362 4966 1998 4992 60 4934 3815 4985 1856 4899 3194 4975 2352 4997 4661 4983 185 4997 2087 4924 2029 4853 245 
3548 4876 3167 4989 1501 4940 1194 4968 302 4979 1685 4983 523 4952 4915 4975 4052 4926 545 4918 1519 4918 747 4984 403 4942 3349 4927 2899 4956 2890 4925 3871 4903 1385 4884 4395 4902 3716 4998 257 4987 1283 4988 2132 4982 
4974 2892 4886 4795 4971 2806 4894 3958 4890 1742 4995 222 4939 1352 4943 1974 4910 4944 4930 2321 4982 245 4851 1429 4973 2325 4899 1915 4904 4629 4995 1863 4985 4739 4873 58 4902 118 4985 4993 4987 1428 4983 3233 4972 3193 
2271 4956 2050 4941 2816 4997 3132 4992 4379 4934 758 4947 3524 4904 1067 4994 2111 4910 1763 4941 3640 4918 1509 4928 1292 4992 2018 4947 1565 4996 4498 4901 2051 4876 2368 4917 3822 4903 2431 4983 1880 4994 2176 4977 4746 4939 
4901 1234 4988 3716 4992 593 4968 3816 4901 3353 4877 4774 4946 2786 4948 725 4892 4335 4997 2093 4933 99 4962 2650 4911 260 4938 4832 4986 4547 4913 3524 4991 3527 4976 161 4991 4906 4964 4942 4996 2302 4862 1026 4999 3177 
2472 4954 2130 4969 1414 4991 4921 4961 1009 4935 2947 4991 2534 4958 1035 4957 2951 4930 3124 4972 2748 4901 3001 4916 2573 4954 1254 4992 2441 4973 2168 4932 218 4974 2018 4891 597 4999 1720 4924 1741 4999 2722 4947 2725 4980 
4953 3676 4858 4930 4967 1577 4949 2991 4876 614 4869 2295 4918 729 4900 4633 4984 1499 4984 2594 4988 1624 4883 4232 4865 2529 4967 2934 4990 3112 4956 2926 4887 4497 4990 4820 4910 3986 4856 4139 4921 4285 4958 4003 4962 1654 
4741 4931 1023 4972 2041 4964 2883 4922 3161 4908 2321 4965 449 4976 3201 4883 2581 4961 2274 4872 2653 4962 1095 4937 58 4994 1007 4892 1525 4957 2247 4998 3841 4907 2827 4982 1192 4901 3563 4992 3374 4888 3522 4970 4058 4955 
4992 1842 4925 4009 4994 2167 4999 4526 4874 1176 4999 3365 4969 1986 4903 2130 4960 2812 4959 61 4993 587 4984 3626 4901 279 4950 2196 4908 2006 4944 2594 4872 2192 4937 2222 4970 871 4966 2201 4981 4552 4919 1594 4918 2315 
3552 4920 1111 4975 2515 4945 1373 4996 2186 4905 2666 4988 854 4960 1299 4999 1499 4924 3920 4951 2429 4994 4912 4925 1286 4950 964 4980 1929 4983 2418 4972 4431 4952 956 4971 3224 4907 2645 4940 2101 4976 4041 4998 2655 4977 
4919 3285 4950 3317 4918 1659 4895 4594 4918 3516 4891 754 4956 2066 4966 4973 4958 2234 4989 2970 4929 1946 4886 395 4838 3148 4992 4148 4963 2125 4922 4399 4948 447 4941 2321 5000 509 4940 1491 4980 3314 4949 2814 4987 1161 
2010 4948 564 4924 4336 4858 1948 4999 4258 4882 4555 4972 539 4960 4483 4955 1821 4996 1959 4970 1876 4918 1451 4838 1067 4918 1237 4943 4268 4954 1702 4907 1229 4941 4069 4929 1804 4991 2212 4890 3634 4987 3611 4893 3624 4989 
4959 4488 4990 3307 4958 1629 4935 3612 4968 4654 4918 1909 4996 2861 4934 4829 4979 1245 4955 3222 4907 2982 4950 2471 4987 3969 4997 4681 4979 370 4879 886 4919 3277 4993 3848 4892 4474 4968 2624 4862 1037 4924 231 4962 4819 
577 4947 592 4906 4570 4894 4057 4933 4438 4905 893 4999 803 4992 1835 4960 3299 4932 2402 4900 1634 4988 1158 4918 2493 4887 2490 4997 3585 4983 2277 4954 2905 4886 2734 4951 2464 4884 4108 4953 3633 4946 2717 4994 1677 4915 
4974 3819 4913 4942 4972 2660 4974 2129 4971 4531 4904 1035 4990 1948 4997 107 4886 584 4981 4698 4991 2699 4978 313 4941 288 4958 4458 4929 1861 4964 4311 5000 1142 4986 1777 4957 2197 4974 1887 4965 181 4910 3768 4956 1006 
2193 4976 2893 4940 1760 4909 2832 4951 1067 4952 4544 4978 4778 4967 1622 4886 936 4991 1524 4979 69 4943 4710 4942 2939 4947 4308 4922 2082 4968 4395 4966 4516 4894 318 4984 1445 4959 1442 4952 192 4952 4712 4943 631 4942 
4942 4306 4998 1910 4950 1882 4951 3659 4969 3716 4907 1737 4990 3350 4949 950 4991 1275 5000 1176 4949 4257 4960 3901 4985 766 4968 1217 4922 4374 4992 4135 4988 4240 4984 2877 4991 4299 4979 4205 4982 4743 4988 1293 4953 1541 
4647 5000 2076 4998 1060 4980 74 4929 4048 4942 915 4935 1745 4983 2626 4919 1391 4992 3752 4849 196 4998 1671 4943 1626 4972 4648 4989 1119 4935 603 4948 31 4889 2641 4998 2868 4995 4028 5000 3501 4946 2999 4938 950 4987 
4912 4151 4959 4966 4996 4992 4902 77 4982 3349 4968 639 4910 1364 4958 3154 4940 518 4952 1194 4939 1505 4993 1035 4935 2054 4940 151 4922 1688 4917 3359 4966 2610 4928 4276 4998 903 4977 990 4960 3761 4995 1897 4947 1427 
3431 4989 2315 4946 4512 4999 2979 4981 3170 4981 988 4969 3853 4982 852 4988 3674 4983 3869 4968 1921 4993 136 4967 3524 4993 1047 4896 1924 4921 685 4917 4481 4943 2839 4987 3280 4981 3793 4970 4000 4951 1189 4984 204 5000 
4965 1006 4976 2622 4954 635 4894 4702 4877 2826 4935 2196 4997 3169 4987 2097 4973 2569 4979 3080 4952 1056 4993 672 4968 3499 4930 2687 4967 1520 4986 4951 4955 3504 4901 4477 4934 1838 4993 774 4916 4535 4996 4732 4984 1248 
2865 4971 4598 4954 3232 4982 1451 4909 2866 4933 2715 4960 269 4995 4461 4921 1959 4990 210 4979 2007 4944 2516 4948 348 4949 1706 4971 2926 4967 5000 4981 3956 4976 2132 4948 3771 4951 1206 4828 3523 4922 4247 4850 619 4876 
4911 3250 4949 106 4915 2854 4966 391 4966 1265 4949 3983 4997 2056 4904 2600 4906 3437 4978 2477 4886 3131 4959 3425 4959 467 4948 4329 4998 4218 4955 4140 4988 2620 4948 3027 4973 400 4974 697 4894 4907 4977 2329 4987 285 
2450 4969 2393 4957 4555 4963 33 4907 1317 4973 2215 4999 1908 4974 1182 4971 1213 4942 950 4978 1631 4954 1530 4834 4674 4980 2181 4922 3375 4968 1937 4319 1696 4994 3883 4956 2361 4954 4168 4930 1764 4941 2326 4958 1697 4970 
4895 4870 4991 1773 4979 4860 4907 1300 4950 657 4976 1946 4925 2542 4956 1786 4959 3075 4930 1254 4877 1203 4880 93 5000 2812 30 3857 30 4926 2049 1276 4809 3151 4948 2329 4928 3525 4983 249 4895 1838 4921 1104 4987 1331 
678 4855 3812 4980 1703 4997 3344 4940 4530 4981 1375 4962 2317 4928 4462 4967 1118 4949 1035 4879 1195 4993 1792 4881 1172 4991 2343 4953 1342 513 1032 4934 1277 4925 259 4895 2419 4978 3871 4930 1939 4963 4071 4946 940 4912 
4976 4085 4934 4237 4879 245 4908 4600 4967 2874 4975 4145 4982 4291 4999 1705 4947 181 4973 2341 4901 4925 4928 1684 4941 2445 4773 676 33 599 129 4854 4009 2156 4957 3709 4939 4885 4967 3798 4948 555 4964 3106 4953 4705 
2719 4966 4906 4980 4793 4951 3428 4951 4716 4945 2232 4977 3515 4981 4235 4999 575 4941 1091 4960 1312 4960 430 4951 2080 4840 1245 4933 1427 4757 2950 4509 529 4994 1324 4979 1421 4972 4243 4991 2139 4845 1992 4970 746 4984 
4965 1226 4967 2465 4979 387 4981 3919 4991 137 4975 1230 4914 1420 4935 1401 4927 4281 4971 396 4903 1736 4840 985 4871 1421 4891 1205 4913 107 4762 3699 4860 2784 4979 4674 4952 4072 4911 4774 4920 2289 4900 3726 4954 2175 
3739 4986 4390 5000 5000 4995 2237 4965 1061 4908 2881 4984 4412 4932 1072 4932 4249 4953 4490 4956 2631 4926 2385 4806 4715 4870 4911 4867 3990 4762 41 4955 2042 4985 1783 4879 224 4864 3805 4966 3547 4942 1838 4916 2623 4949 
36 48
4999 752 4946 762 4894 491 4969 3418 4905 4489 4904 3513 4936 2952 4943 1653 4980 3571 4966 1890 4999 828 4918 2685 4950 1762 4886 1919 4823 4381 4891 4892 4938 4719 4982 2143 
4321 4963 3599 4851 2690 4930 3878 4957 2460 4950 3034 4909 2439 4923 2474 4900 3615 4976 1925 4973 4671 4953 1758 4905 2500 4937 4216 4862 4116 4991 1971 4879 1664 4995 4028 4996 
4906 3564 4861 3071 4862 283 4949 4919 4991 3994 4967 2595 4953 2833 4966 3044 4967 4777 4943 1107 4901 1654 4929 206 4916 2290 4948 1476 4857 4307 4839 1999 4991 338 4996 3160 
3736 4916 4000 4960 4624 4921 1637 4991 2357 4896 4757 4959 655 4982 4651 4969 752 4941 4929 4950 4004 5000 434 4931 62 4849 4867 4916 2804 4900 1746 4885 3579 4966 1540 4979 
4860 1616 4884 3888 4973 1549 4886 2801 4966 3403 4917 973 4921 3105 4927 3222 4997 1379 4975 550 4869 3269 4984 1626 4895 3089 4962 660 5000 4579 4863 4450 4976 4297 4962 247 
3397 4984 4114 4990 2343 4907 3027 4928 1407 4934 3182 4988 2185 4974 4156 4933 3802 4935 4196 4893 287 4894 555 4979 2890 4898 579 4960 4289 4925 4144 4956 2909 4993 3371 4979 
4964 3413 4989 2043 4909 690 4970 4671 4956 3883 4884 4837 4995 1039 4877 4764 4975 214 4954 3354 4915 4280 4886 1084 4965 4382 4910 1628 4939 3585 4999 4340 4974 2506 4952 4407 
3502 4919 1519 4964 3424 4974 2856 4970 561 4951 4044 4849 3858 4866 1821 4995 2442 4994 4181 4929 4345 4960 725 4907 2310 4914 1970 4962 3209 4981 2015 4922 4698 4999 4634 4965 
4987 4287 4963 3748 4953 2578 4982 127 4920 4710 4859 3472 4901 3180 4990 1730 4928 4477 4943 1428 4982 3491 4884 2509 4984 2480 4894 4140 4930 3268 4996 288 4985 2536 4911 3559 
4422 4994 3096 4988 239 4981 2076 4866 2708 4944 4035 4923 1566 4850 702 4875 1234 4989 1417 4955 2275 4936 3943 4930 292 4868 3098 4966 622 4927 323 4968 3506 4922 1418 4946 
4971 518 4961 2357 4960 1671 4959 1490 4897 3325 4946 657 4989 3275 4944 1284 4975 1382 4911 4478 4954 1782 4911 2202 4945 2906 4974 4067 4876 4053 4922 380 4987 75 4951 301 
2974 4932 4246 4937 1003 4990 2445 4985 2009 5000 4143 4962 1631 4977 4002 4928 4126 4995 1414 4871 448 4986 4901 4908 1879 4958 3238 4973 296 4992 265 4968 4223 4939 1497 4922 
4971 4732 4929 154 4988 1267 4968 1939 4942 2280 4946 1081 4998 1028 4868 2328 4983 3081 4999 4598 4912 4160 4987 3860 4995 569 4933 4169 4873 4472 4934 4240 4967 2365 4966 2661 
126 4963 3366 4991 127 4961 3686 4962 3730 4977 2785 4978 3228 4920 4811 4959 2339 4909 3696 4977 1837 4984 4997 4869 1113 4971 2938 4920 1223 4881 4228 4979 1180 4928 4245 4987 
4863 2158 4920 3220 4918 2207 4973 524 4946 1690 4939 3102 4947 438 4888 4894 4961 1719 4991 1881 4984 1209 4949 4619 4929 390 4921 2560 4982 4843 4995 2322 4939 601 4995 2762 
4745 4822 2642 4979 4213 4987 557 4973 675 4905 4816 4979 2285 4910 4868 4937 692 4948 352 4948 4032 4950 3677 4958 1685 4990 326 4911 2020 4974 3223 4955 2243 4992 3603 4885 
4912 2227 4991 2948 4979 744 4962 849 4947 2061 4909 2096 4815 3310 4969 3892 4951 1704 4960 4861 4969 3510 4969 484 4969 291 4927 3226 4993 3852 4966 1644 4911 1341 4975 3460 
4286 4984 2585 4967 2735 4971 4892 4994 3675 4963 2075 4984 1361 4977 2015 4977 2986 4928 1508 4902 1618 4984 4006 4966 2178 4941 262 4999 4723 4988 3256 4964 2658 4962 4699 4921 
4867 3238 4934 830 4918 3462 4963 3808 4937 4092 4990 4833 4866 204 4961 4009 4937 3854 4962 917 4994 713 4975 1990 4964 971 4823 4579 4946 1917 4921 4038 4984 1170 4977 4946 
4560 4957 1964 4921 1212 4913 1708 4972 894 4973 667 4953 1302 4872 2330 4954 2369 4984 578 4894 1598 4984 4262 4936 4531 4964 2043 4871 2322 4992 2808 4962 203 4915 373 4967 
30 3250 4947 1580 4936 4278 4944 1068 4956 4038 4984 1837 4939 4784 4988 4717 4916 2737 4999 3348 4921 2367 4901 1766 4972 4748 4982 4442 4894 1665 4977 1556 4872 2941 4968 4258 
1572 4986 459 4978 4632 4914 3493 4919 3439 4977 1948 4996 751 4933 1364 4991 4692 4954 895 4949 589 4931 2718 4918 4177 4928 2619 4931 2524 4894 1950 4979 250 4956 4379 4997 
30 1495 4984 2773 4890 4861 4994 1447 5000 5000 4969 4571 4867 533 4982 3378 4953 4241 4912 1806 4973 113 4978 3203 4948 350 4969 3314 4987 2004 4912 2341 4961 1562 4974 4836 
2969 33 1877 4974 4576 4888 3937 4999 4997 4891 2870 4991 3630 4951 4141 5000 3448 4968 4741 4897 2091 4973 2055 4936 1416 4967 204 4983 1664 4964 1962 4991 486 4980 3406 4959 
129 4749 4971 2311 4994 4661 4974 2363 4934 1485 4931 1977 4956 3156 4980 2929 4994 2584 4882 2384 4971 1492 4865 1841 4949 2509 4943 2713 4929 1082 4951 1676 4960 3075 4939 2309 
3667 4924 1583 4973 1697 4962 4062 4942 4950 4944 180 4938 4141 4989 1662 4962 2392 4880 137 4934 3418 4947 4132 4972 3210 4986 1676 4922 4087 4958 4289 4972 3506 4967 1779 4955 
513 2809 4987 3352 4994 4062 4982 1429 4888 43 4944 2928 4936 4916 4961 3173 4931 4009 4966 4172 4953 4370 5000 442 4912 2750 4903 901 4931 3224 4927 1677 4924 2304 4913 4836 
3757 4985 439 4869 436 4977 1544 4983 2037 4981 3673 4980 4537 4950 1719 4969 3982 4920 1990 4983 1544 4952 1496 4903 4429 4896 2557 4935 2760 4967 2508 4944 711 4902 4003 4960 
2049 2447 4968 3419 4979 1955 4936 3785 4936 2623 4908 2957 4967 4087 4964 3349 4978 1491 4947 1154 4995 3514 4971 1349 4938 371 4913 1348 4950 1258 4975 3211 4933 1829 4935 3415 
4313 4926 972 4960 2102 4902 2210 4929 2745 4957 3446 4951 1313 4953 2432 4991 3752 4918 2173 4950 994 4981 2794 4927 4203 4944 4628 4995 4433 4959 4198 4939 478 4874 1439 4918 
4097 2161 4959 641 4990 4171 4975 734 4944 1803 4997 4018 4998 3143 4929 2041 4982 211 4944 3232 4964 3899 5000 1595 4980 1879 4929 2945 4952 4614 4952 2058 4986 1609 4936 3486 
2035 4122 3479 4994 3852 4937 1393 4952 2502 5000 1837 4933 2259 4929 3251 4913 1639 4980 2205 4857 922 4914 2604 4904 619 4996 2637 4947 2483 4963 1087 4950 927 4946 3902 4920 
4175 678 4981 2099 4923 4406 4935 2006 4915 1255 4928 3240 4970 1657 4902 4026 4979 1179 4909 4074 4932 2869 4867 180 4913 585 4924 1455 4889 4993 4982 2354 4992 3146 4915 3942 
4331 4883 2488 4925 204 4938 4616 4997 231 4941 1546 4992 4679 4871 3998 4996 1256 4964 1905 4884 987 4971 4362 4971 1905 4960 1430 4893 1270 4988 2585 4972 1800 4964 3367 4939 
4996 1907 4992 4317 4979 3501 4968 1230 4923 4263 4897 1731 4944 4418 4950 624 4926 1798 4975 4892 4955 1530 4890 4738 4968 3363 4910 2955 4991 853 4924 3775 4921 155 4953 4823 
4875 4475 2870 4956 4169 4917 4253 4927 3374 4999 4038 4979 3897 4991 3541 4948 173 4886 694 4989 2625 4921 2050 4925 465 4985 3304 4921 2339 4969 395 4928 3429 4977 319 4999 
4616 1345 4986 875 4936 334 4990 4954 4921 3822 4927 3198 4974 4986 4983 3417 4999 366 4973 3895 4942 2184 4858 3413 4986 1702 4906 179 4992 1396 4933 4997 4942 948 4997 3426 
2087 4640 1059 4984 362 4991 4280 4992 2696 4992 614 4930 1522 4969 3658 4941 3687 4935 2806 4952 2999 4964 2581 4987 2207 4953 2851 4990 3273 4981 4873 4943 1335 4860 4526 4975 
4829 2290 4657 2904 4992 483 4973 4723 4992 4211 4931 2726 4980 3471 4914 1812 4994 3193 4982 405 4966 1376 4979 2482 4941 2121 4990 1890 4937 892 4946 2940 4978 100 4936 3723 
4983 4794 1695 4911 101 4938 1427 4941 4802 4937 1248 4980 3802 4987 3069 4928 2540 4984 4288 4943 3802 4976 1303 4957 324 4917 4846 4925 1065 4961 735 4917 3985 4979 1404 4930 
4693 738 4726 2247 4995 1621 4968 3894 4954 4386 4975 2467 4978 3436 4928 3547 4927 3017 4913 3964 4951 2270 4957 182 4898 670 4916 4094 4884 2741 4925 3156 4969 4518 4905 480 
1607 4751 593 4964 2078 4958 4888 4981 224 4996 4064 4952 1964 4930 324 4956 2882 4949 3359 4988 575 4965 578 4985 2264 5000 4597 4888 2090 4967 1994 4940 2249 4918 882 4887 
4764 754 4743 4334 4895 1237 4967 2476 4891 2719 4963 2935 4948 4609 4925 83 4992 3188 4888 4969 4991 961 4973 1230 4971 2218 4997 4212 4967 317 4969 4784 4920 1423 4894 845 
4787 4846 4383 4997 979 4996 2477 4975 2338 4893 3208 4938 3810 4954 863 4926 4822 4912 3367 4960 230 4990 625 4913 2269 4953 3953 4944 4430 4984 1691 4949 2994 4947 1400 4894 
4977 3939 4926 3986 4897 2663 4933 4122 4972 2660 4999 2197 4957 376 4917 2960 4989 3287 4941 2838 4899 2386 4956 4041 4942 3383 4985 1046 4982 821 4964 643 4985 2951 5000 4088 
1467 4984 4884 4978 2757 4948 262 4939 2550 4957 1468 4993 3327 4950 4638 4927 2321 4934 412 4913 946 5000 3679 4967 4584 4994 1687 4922 1394 4964 1666 4976 2091 4992 2444 4992 
4818 2097 4968 3596 4912 2151 4925 387 4918 677 4995 2607 4940 4006 4985 4607 4929 3072 4993 3784 4982 2781 4991 2246 4995 4980 4936 4538 4888 1790 4996 4333 4989 2888 4971 2766 
739 4829 2843 4854 806 4934 3241 4853 3130 4969 1958 4930 1561 4944 2450 4989 4143 4913 559 4958 1791 4916 945 4939 2759 4978 1169 4975 3721 4928 927 4965 1871 4923 4523 4963 
45 42
4998 3558 4960 1415 4991 3064 4959 4088 4986 1351 4989 3615 4886 419 4915 4320 4936 2522 4950 914 4990 2364 4889 4389 4999 2478 4961 2359 4896 1010 4880 682 4982 810 4949 2675 4931 4803 4962 592 4953 1060 4875 4533 4969 
839 4999 837 4935 2617 4909 3899 4927 112 4975 999 4989 3004 4923 4799 4918 885 4983 2866 4979 730 4976 1118 4985 929 4957 2580 4985 4053 4943 2303 4908 2901 4890 3119 4935 3819 4953 509 4953 3360 4941 1581 4894 2526 
4957 385 4996 3133 4936 1056 4948 2419 4975 4925 4873 1530 4984 2310 4931 4270 4898 1958 4931 3573 4929 4806 4927 4274 4928 1464 4956 397 4978 2427 4967 1218 4966 1832 4998 1942 4982 4108 4982 2576 4877 2376 4947 4593 4919 
2734 4969 1628 4994 2375 4948 1911 4962 2778 4993 1876 4996 2191 4985 2857 4919 850 4969 1409 4934 4363 4978 3411 4900 3249 4910 3486 4886 2716 4981 83 4946 4554 4930 2265 4953 3550 4999 1723 4866 4692 4930 1563 4939 2455 
4891 4435 4938 2976 4963 141 4948 1116 4969 1863 4994 1334 4975 1952 4938 363 4909 832 4865 1532 4943 4373 4972 2297 4927 4746 4994 2489 4960 4053 4967 3459 4961 2787 4996 1781 4916 807 4992 3749 4872 1715 4960 2976 4942 
3243 4922 1590 4971 2818 4991 4684 4921 3450 4933 4935 4976 1685 4947 2281 4944 621 4970 4421 4885 3960 4982 2764 4963 2739 4933 2768 4979 1270 4964 3215 4987 2753 4990 2823 5000 1720 5000 4214 4980 4276 4994 1236 4980 4313 
4860 2899 4922 1869 4989 4416 4959 3704 4837 136 4984 1897 4977 4998 4891 2195 4885 3180 4977 4905 4945 2566 4973 1766 4858 3090 4876 4848 4988 1476 4991 2465 4998 3001 4939 3141 4916 864 4937 3778 4845 773 4994 4197 4981 
253 4929 964 4945 2140 4988 682 4941 114 4983 1117 4936 3798 4992 94 4848 2434 4908 3273 4993 4006 4997 302 4870 580 4902 83 4992 2353 4997 1165 4990 322 4991 1603 4987 1544 4982 3804 4876 4836 4994 4097 4988 2772 
4986 212 4929 420 4974 2646 4975 1929 4952 496 4967 1425 4986 3453 4999 439 4927 1043 4983 1379 4969 3927 4984 4527 4998 623 4954 4078 4978 1048 4967 1360 4980 806 4979 3362 4935 2778 4869 3257 4900 4265 4979 3585 4956 
4161 4998 621 4973 4073 4936 3064 4994 1065 4930 4463 4970 1985 4952 1983 4946 1442 4910 4855 4977 2898 4943 4638 4950 2522 4827 141 4974 969 4947 3818 4833 1323 4996 3029 4970 3354 4963 3676 4945 2400 4950 1742 4976 4928 
4943 1227 4954 3704 4979 2217 4988 3133 4997 737 4987 660 4990 2856 4970 2443 4926 4666 4918 2423 4941 3277 4979 2155 4991 4619 4933 175 4944 4443 4960 1819 4993 890 4968 3518 4996 4071 4945 2778 4967 4082 4946 2199 4958 
3066 4977 4519 4949 2024 4993 1409 4988 2600 4968 333 4968 4108 4982 1196 4983 467 4983 2815 4968 1985 5000 588 4971 4302 4978 4117 4984 2435 4859 979 4991 3455 4934 2281 4958 2083 4928 1124 4977 2556 4927 3030 4973 1508 
4899 1663 4968 591 4953 1321 4961 4792 4918 1641 4997 872 4949 1754 4948 4579 4915 3810 4986 4940 4996 2170 4967 740 4973 4305 4930 641 4869 1726 4949 734 4943 1565 4989 569 4999 2460 4975 690 4932 2532 4963 3471 4994 
1278 4960 3863 4950 3507 4970 396 4960 4103 4934 1107 4964 310 4965 1578 4981 2887 4970 183 4948 4520 4965 4300 4979 4429 4988 440 4948 3500 4955 2872 4897 870 4966 4831 4993 593 4993 3356 4893 2204 4969 957 4978 1983 
4975 3792 4976 242 4996 405 4925 3098 4968 1977 4992 341 4964 1993 4975 2827 4984 2403 4978 736 4876 4657 4936 4247 4960 2604 4937 3155 4910 197 4974 2684 4980 1702 4959 207 4993 4274 4986 4855 4983 636 4950 695 4906 
2844 4976 2984 4984 248 4999 4464 4936 1929 4950 1621 4881 603 4973 3806 4962 860 4982 496 4979 2446 4959 381 4902 1512 4907 3897 4928 1967 4955 4691 4970 4631 4986 2163 4963 4869 4934 2799 4853 2246 4937 1089 4935 4442 
4940 2698 4981 1237 4949 2419 4984 3052 4952 1830 4974 1670 4948 4656 4967 4749 4947 2157 4981 3038 4983 1382 4974 1336 4929 4552 4932 266 4951 3955 4934 748 4948 846 4872 2436 4993 3979 4886 968 4901 529 4945 3532 4990 
2366 4935 1794 4942 4202 4982 4681 4924 3139 4966 2299 4960 3386 4927 4191 4922 276 4981 270 4974 4987 4960 3761 4965 1938 4941 4170 4925 1178 4948 3221 4925 3044 4917 4817 4946 2959 4964 4921 4935 3839 4959 2759 4884 2461 
4911 2796 4931 2044 4962 4287 4942 4323 4984 4120 4982 1201 30 2000 4988 610 4946 2781 4931 2488 4953 4566 4968 347 4986 886 4943 3706 4945 981 4961 4896 4961 1455 4916 1646 4952 4206 4963 143 4956 2900 4878 2612 4975 
1269 4936 2754 4946 1393 4988 3216 4947 3022 4996 2100 4990 4202 4930 421 4924 1640 4938 1000 4904 4666 4928 4410 4969 1926 5000 3015 5000 1871 4984 3839 4977 1309 4897 834 4984 4101 4990 595 4968 4236 4971 2988 4913 4578 
4967 3647 4929 3732 4895 3090 4917 73 4974 1567 4988 1461 30 547 4873 3094 4972 926 4893 4026 4952 2221 4982 3263 4920 1061 4976 1480 5000 2887 4914 1404 4895 3919 4915 77 4961 2688 4968 3808 4928 3256 4987 3423 4972 
578 4869 4512 4935 1907 4937 1567 4964 3119 4974 1823 33 4228 4902 1225 4930 1730 4969 2685 4956 3859 4948 2686 4875 2315 4972 2727 4937 4714 4932 1961 4892 3497 4990 3176 4928 3260 4983 4870 4985 2892 4991 1257 4901 673 
4964 4679 4897 1572 4919 3116 4953 3662 4973 2603 513 3271 129 515 4902 4240 4934 3551 4948 4573 4928 1798 4960 2803 4936 1027 4982 3496 4989 1448 4911 580 4924 682 4898 2403 4972 866 4978 874 4983 554 4956 4994 4978 
699 4935 3738 4946 2709 4977 364 4988 3554 4968 952 4979 1066 4980 2475 4914 1408 4920 990 4925 4109 4957 2884 4993 157 4995 1769 4864 3354 4991 4588 4997 1179 4981 2814 4976 2872 4983 3976 4984 2866 4968 4811 4968 2006 
4988 2332 4926 2453 4952 2904 4956 2331 4909 1140 1097 4647 4906 1277 4898 640 4919 4858 4820 285 4946 2258 4987 1638 4914 4512 4922 959 4970 2106 4988 2717 4951 2976 4995 2220 4979 3325 4997 4731 4973 4084 4958 1836 4984 
97 4967 1965 4981 3980 4921 214 4969 4042 3245 2795 4919 754 4900 1811 4970 3200 4975 2442 4947 754 4948 3677 4976 1326 4890 780 4993 1997 4933 2732 4970 4963 4900 4168 4967 1131 4995 4917 4983 4861 4978 3235 4980 2207 
4935 2744 4955 257 4920 2851 4967 2288 4458 4062 4974 685 4994 2385 4897 4639 4885 726 4801 3069 4947 2713 4940 3536 4942 2511 4922 3268 4976 58 4988 4313 4995 2061 4939 2385 4889 4672 4971 2879 4956 276 4950 3659 4927 
4940 4966 471 4954 407 4964 2361 4680 4702 4921 3243 4932 3894 4854 760 4845 4305 4979 4416 4952 4080 4925 110 4886 2360 4953 1616 4947 1744 4911 4121 4976 1023 4938 1842 4889 143 4979 275 4992 4863 4936 2043 4958 3918 
4931 1399 4956 2052 4961 3039 4312 2492 4335 2874 4893 2163 4967 536 4861 4834 4990 1490 4801 4772 4940 173 4940 4940 4996 850 4977 1861 4946 2923 4877 3867 4993 2461 4924 4856 4921 1656 4896 1258 4973 4117 4982 2110 4972 
463 4951 4535 4936 3379 4910 1938 4505 3121 4645 4844 4869 3705 4866 2906 4887 1860 4977 1670 4788 4947 4933 4278 4965 2533 4974 699 4889 3069 4906 4105 4913 4397 4983 3831 4937 3381 4926 3752 4985 3255 4938 1684 4933 4868 
4909 3220 4893 4432 4985 214 4955 500 4508 4275 4595 555 4692 4643 4739 2458 4971 2459 4908 3504 4960 3566 4947 1251 4986 2320 4951 3385 4903 829 4884 3614 4982 3484 4967 4531 4922 3745 4845 3142 4924 1984 4919 3998 4941 
3300 4993 4031 4995 1586 4994 123 4909 518 5000 1392 4620 232 4968 2301 4994 1641 4961 4517 4937 3184 4959 2253 4929 465 4975 2972 4925 2008 4991 1039 4974 2073 4948 3585 4965 3393 4963 4908 4922 4597 4995 1078 4979 3297 
4979 1589 4998 3414 4898 4352 4953 3922 4923 4289 4997 2552 4683 3605 4944 4567 4953 1184 4939 2107 4992 513 4977 1463 4994 2768 4941 4038 4970 561 4937 479 4937 4586 4917 3226 4931 740 4986 1681 4899 4819 4960 4912 4991 
4692 4970 496 4999 4507 4998 3174 4986 4807 4927 2383 4957 3791 4977 1926 4970 2001 4940 4415 4991 4037 4984 2307 4937 3939 4970 4091 4941 131 4970 429 4906 3436 4948 2708 4956 3086 4949 3439 4920 2549 4952 2820 4896 3992 
4924 3754 4909 3512 4859 1316 4999 602 4959 1193 4974 375 4951 831 4925 3716 4960 210 4988 1908 4953 3352 4922 627 4937 1038 4931 1457 4943 4201 4917 2058 4972 3198 4956 854 4896 4334 4944 3943 4977 376 4997 1375 4958 
3294 4914 3510 4994 1092 4951 3908 4939 2259 4918 1104 4960 4305 4957 798 4888 2833 4881 3292 4948 3753 4926 4367 4959 3665 4934 2446 4916 2475 4969 3151 4898 989 4909 391 4963 392 4986 3829 4955 1335 4909 4431 4989 847 
4918 4078 4874 3495 4974 2494 5000 1603 4966 4939 4934 4645 4910 1203 4988 39 4986 3791 4830 2455 4955 2632 4988 641 4935 2452 4876 4815 4920 2403 4954 2323 4971 4784 4912 4000 4921 1529 4976 3379 4949 2653 4862 2481 4967 
4801 4846 2603 4981 4272 4928 3683 4962 994 4953 4428 4967 2917 4966 4859 4993 4075 4929 4854 4884 4683 4974 1375 4924 1237 4925 3802 4862 4184 4993 317 4966 1546 4966 4930 4998 3513 4968 912 4962 1174 4937 4362 4916 2257 
4994 1672 4972 582 4979 3067 4974 3310 4976 2034 4994 987 4972 2450 4945 1147 4870 1511 4887 3348 4915 4275 4980 4758 4945 3112 4961 3945 4848 4313 4966 2060 4959 4736 4997 3613 4969 623 4972 3308 4922 1018 4959 3830 4997 
2228 4958 1896 4986 2776 4994 4415 4947 487 4950 3312 4959 1312 4893 3153 4949 3790 4994 3100 4997 2115 4977 3831 4906 4882 4951 3243 4977 3575 4979 1439 4967 4062 4912 423 4920 4456 4966 1204 4983 3505 4948 1532 4970 4789 
4975 910 4994 3762 4992 2608 4970 2027 4974 4358 4928 2162 4986 4781 4916 3013 4963 791 4931 791 4985 3949 4930 219 4935 3275 4929 177 4929 2313 4979 3903 4916 1584 4974 3280 4991 3050 4991 4405 4992 785 4947 791 4928 
4108 4945 4270 4955 2550 4976 2052 4960 851 4872 453 4979 3736 4960 4428 5000 807 4953 155 4977 2022 4981 1710 4961 2036 4959 1693 4996 662 4941 3347 4933 2698 4915 2112 4925 279 4914 4221 4991 202 4974 401 4985 3737 
