5
13 13
177 291 93 292 199 286 298 300 212 272 265 287 132 
297 126 284 219 294 107 298 16 294 111 293 165 293 
148 291 227 295 119 270 202 298 222 289 51 289 252 
290 148 298 97 275 126 291 113 292 69 289 80 299 
98 277 258 287 256 285 80 296 287 297 35 297 94 
287 80 290 26 296 298 278 127 297 152 293 54 286 
289 292 181 289 209 279 156 295 44 276 160 285 266 
298 106 280 261 297 66 289 67 299 174 291 34 296 
268 279 40 298 195 289 211 294 154 292 286 265 250 
274 56 299 211 271 149 292 31 296 168 291 35 293 
200 263 13 266 46 286 122 300 18 289 227 293 88 
33 161 129 176 267 70 300 18 296 165 288 271 297 
165 10 24 10 294 300 23 287 294 284 96 281 299 
11 14
29 290 296 291 124 299 228 299 42 287 273 
290 143 289 88 271 167 293 268 285 83 288 
164 289 36 294 111 296 108 280 176 293 43 
281 177 290 13 282 209 297 201 284 74 298 
210 283 275 299 185 300 174 292 21 279 68 
291 228 299 10 289 80 299 299 292 203 295 
219 295 50 293 165 284 192 294 41 33 295 
290 33 280 163 298 228 280 140 88 236 10 
51 288 91 297 89 282 107 283 244 10 213 
300 300 297 268 255 185 294 114 175 136 286 
198 291 207 282 106 294 271 295 265 299 285 
297 28 287 106 274 101 279 242 279 10 285 
146 296 212 296 225 285 22 280 40 292 20 
292 269 291 111 282 297 283 148 293 165 285 
13 13
124 283 242 297 66 285 135 278 228 280 274 298 97 
286 292 293 73 274 171 266 16 283 130 289 42 298 
260 295 31 293 196 300 86 289 51 297 194 285 239 
281 157 284 108 299 271 290 176 293 165 284 118 290 
52 295 142 279 92 293 228 299 20 167 123 291 205 
272 280 267 87 283 233 287 296 258 180 129 89 290 
38 295 221 300 141 299 300 238 66 10 81 33 150 
283 167 275 71 292 62 293 265 10 250 271 142 273 
112 280 121 269 225 289 173 272 278 298 232 270 18 
275 286 295 94 281 213 298 99 294 42 284 23 284 
117 278 299 277 249 300 22 274 259 282 102 286 241 
283 214 288 214 280 162 278 72 281 91 288 145 291 
54 291 193 294 104 282 226 292 168 279 239 281 158 
5 15
37 17 16 10 275 
65 197 245 259 10 
22 263 135 283 114 
147 38 293 22 271 
61 171 11 272 24 
285 181 293 149 300 
160 297 12 297 57 
288 40 289 278 278 
84 289 91 293 68 
291 148 292 48 281 
75 294 129 279 165 
285 79 286 205 294 
200 286 248 288 56 
300 50 295 228 296 
221 279 122 291 268 
6 12
288 76 297 211 285 184 
206 285 134 296 257 299 
288 12 285 113 287 16 
283 10 274 295 106 299 
292 217 10 230 299 26 
291 33 283 265 146 254 
279 81 129 62 228 251 
255 268 191 295 202 253 
288 50 299 140 299 109 
40 289 221 281 202 299 
300 173 296 186 282 276 
75 299 159 291 94 288 
