8
34 37
4948 1768 4960 2751 4860 1277 4884 58 4960 1709 4924 3089 4927 1617 4884 305 4867 2001 4956 3468 4979 16 4875 1061 4994 4790 4933 617 4943 2382 4996 1329 4904 836 
1445 4976 2623 4954 2176 4901 4227 4981 3992 4971 2903 4958 4992 4915 3426 4977 950 4985 4953 4956 2981 4979 4025 4992 3215 4891 2799 4935 1088 4920 4988 4929 2399 4933 
4976 37 4992 846 4946 2074 4955 2442 4995 3641 4979 1202 4981 683 4991 2705 4971 2868 4965 100 4973 2484 4885 2776 4930 4102 4882 907 4974 915 4972 426 4992 1308 
3129 4925 579 4965 1632 4971 2059 4868 3309 4997 782 4881 1178 4984 2805 4999 1356 4971 1994 4983 2225 4891 2223 4968 1850 4929 969 4981 1744 4906 218 4958 203 4978 
4972 4523 4924 194 4994 1424 4945 1106 4982 1064 4920 3259 4970 2392 4952 3426 4946 1177 4988 1035 4943 354 5000 715 4948 1652 4966 616 4904 1753 4965 3843 4956 1778 
1082 4993 3324 4884 1511 4960 316 4978 3426 4938 4502 4962 1255 4988 4831 4972 669 4944 3673 4935 4118 4940 1147 4959 1214 4982 4769 4988 2345 4949 4088 4990 3003 4966 
4892 4819 5000 2126 4954 2446 4966 2442 4939 572 4930 887 4911 43 4988 4673 4972 1906 4985 66 4995 4883 4955 4431 4907 3128 4896 454 4875 1130 4934 2401 4934 2776 
3831 4881 357 4914 1309 4926 892 4994 4505 4961 1267 4992 337 4944 2255 4983 4560 4962 1109 4995 186 4980 2535 4857 4901 4967 2289 4977 683 4883 3803 4967 2483 4955 
4905 4109 4970 79 4977 4199 4980 4078 4927 4987 4961 1861 4942 2245 4923 2879 4973 2242 4968 3525 4995 3322 4959 3417 4962 71 4944 4557 4991 2997 4947 3093 4988 4348 
4838 4964 3213 4965 4125 4902 1106 4985 3008 4969 3130 4951 1621 4983 1487 4960 3322 4868 4793 4977 4208 4983 4261 4850 4344 4974 3918 4845 1186 4806 3668 4914 560 4988 
4976 1244 4933 1996 4938 615 4986 270 4995 628 4995 4371 4914 2067 4960 3867 4859 2423 4970 3077 4923 443 4895 3998 4927 4423 4942 4479 4932 3544 4908 2916 4971 1297 
1954 4984 3035 4959 445 4999 1609 4998 4333 4950 3773 4897 4664 4908 4824 4983 4376 4954 503 4935 174 4958 3932 4945 4501 4930 1133 4966 2547 4981 2377 4989 2507 4885 
4986 1255 4992 4207 4989 900 4907 2416 4912 3111 4954 2135 4931 1583 4940 4841 4912 4602 4908 4936 4982 2153 4914 3172 4859 1158 4979 908 4892 2164 4983 1295 4909 2896 
638 5000 3095 4916 1253 4948 362 4942 2357 4995 2560 4947 2697 4931 4196 4996 2527 4999 1203 4853 455 4872 1541 4995 1466 4957 4287 4999 1834 4936 2085 4999 2649 4988 
4958 450 4989 3914 4987 964 4966 4183 4903 2293 4981 3043 4965 2163 4954 928 4997 4217 4945 2232 4881 2300 4930 2509 4987 4222 4958 3457 4961 1992 4948 2246 4929 4213 
3734 4963 3523 4934 3890 4846 231 4920 311 4941 4281 4966 3218 4986 2519 4916 4229 4969 4423 4934 4531 4934 3871 4893 3233 4913 1550 4967 34 4949 4986 4880 3260 4986 
4954 2585 4989 503 4971 3844 4920 3407 4929 2330 4999 1601 4968 4930 4961 2509 4990 742 4948 1198 4939 4944 4952 552 4958 5000 4979 951 4919 1627 4941 1717 4968 4901 
2567 4989 159 4901 2745 4973 2000 4912 1590 4977 871 4974 2676 4964 3847 4928 1164 4988 279 4962 1317 4983 3628 4958 1102 4987 2450 4882 1940 4942 2583 4919 145 4919 
4977 4047 4975 1200 4996 1288 4940 41 4952 3723 4957 2378 4996 2510 4936 1542 4969 3101 4984 2558 4951 2042 4998 1836 4983 4187 4903 2484 4877 931 4938 3023 4964 1933 
1353 4952 1249 4938 455 4996 3264 4919 4303 4942 1606 4902 2976 4975 897 4892 2409 4942 2149 4964 3732 4981 4788 4986 2829 4974 2822 4941 3912 4946 360 4977 4208 4986 
4924 358 4935 2351 4922 1708 4953 3779 4968 4211 4931 4419 4961 1625 4960 1721 4978 2447 4983 1606 4924 3874 4954 3055 4918 3588 4975 4182 4921 116 4977 230 4904 1271 
2328 4925 4091 4990 3355 4971 974 4962 2233 4971 4454 4935 2711 4995 2296 4995 790 4968 4296 4973 3839 4921 2256 4981 3923 4937 3733 4959 1326 4979 3874 4977 2915 4966 
4904 2807 4975 4966 4914 4548 4926 957 4992 3186 4999 1476 4948 4235 4982 3385 4903 753 4993 4199 4912 1317 5000 955 4999 309 4973 4230 4989 2096 4998 1415 4998 441 
1013 4944 3292 4924 482 4923 4726 4983 793 4967 4518 4987 1774 4887 1880 4916 1668 4979 1603 4999 389 4942 4377 5000 104 4941 4387 4945 4317 4981 2207 4908 2215 4930 
4989 2229 4928 2859 4955 2802 4937 3034 4961 3784 4969 2298 4983 2323 4994 345 4831 3218 4937 4298 4905 3185 4958 3749 4958 4548 4916 2082 4977 21 4914 795 4950 4595 
4762 4919 1142 4919 2880 4983 2137 4940 3827 4971 1361 4946 2091 4973 1231 4916 813 4921 3981 4938 2391 4986 3743 4963 2009 4897 366 4950 1136 4981 3926 4987 3106 4998 
5000 728 4993 2373 4879 2212 4973 1319 4956 557 4982 2847 4962 1454 4964 764 4957 353 4960 3538 4982 2935 4947 3063 4980 2281 4969 1222 4942 1181 4941 1778 4957 656 
3313 4959 4560 4968 2656 4898 4414 4999 900 4987 4035 4904 2119 4930 25 4956 4527 4922 2401 4954 1633 4949 1324 4995 356 4980 4979 4914 1659 4890 3848 4992 4758 4994 
4906 2116 4958 3434 5000 4891 4958 291 4988 4029 4980 4106 4956 2956 4969 4599 4985 1017 4939 3145 4941 3066 4991 3200 4988 3013 4980 2444 4996 3102 4952 2382 4932 1118 
3603 4992 4792 4953 266 4864 4701 4923 4765 4944 1360 4886 2968 4896 3358 4976 2075 4967 4039 4986 4132 4960 502 4990 1336 4921 2126 4942 4994 4958 4373 4989 4586 4952 
4973 3813 4897 4776 4937 1785 4972 1166 4935 3519 4962 2700 4896 2120 4938 3026 4970 129 4933 4396 4968 1346 4991 2378 4968 4121 4941 3310 4927 88 4986 4305 4902 1993 
3639 4943 2542 4983 4905 4884 2235 4983 4859 4984 4521 4963 4321 4939 306 4950 556 4931 986 4931 2816 4960 569 4895 2937 4962 4715 4927 189 4926 933 4946 1339 4900 
4971 4038 4952 4801 4935 2329 4973 1448 4901 3438 4951 3108 4942 3140 4793 2088 4825 2274 4863 1912 4910 3978 4953 1360 4997 4136 4964 589 4975 765 4910 4813 4981 4427 
4391 4994 4846 4998 2333 4947 3049 4938 3704 4883 1004 4970 2325 4953 1978 4905 1718 4839 1810 4888 2027 4924 4290 4895 281 4956 4322 4972 4954 4884 269 4925 1338 4926 
4980 4383 4928 1051 4910 4375 4957 397 4944 4347 4883 1229 4908 617 4687 588 4876 1147 4997 3776 4607 112 4607 1302 4999 3664 4972 401 4995 4031 4981 1513 4993 1147 
2793 4960 185 4994 506 4881 2672 4975 4737 4903 599 4767 1233 4708 92 4920 1734 4927 4182 4683 987 4613 3974 4501 4570 2049 2136 513 552 129 717 4952 1202 4960 
4955 3638 4890 2309 4986 271 4947 465 4935 4035 4869 2770 4748 956 4684 3249 4897 4133 4688 80 4578 1467 4490 1851 4097 4642 10 2966 10 2261 33 4245 4912 1009 
34 40
3466 33 4846 129 404 4308 4970 4472 4642 4892 4592 5000 3590 4935 3030 4975 4285 4993 2739 4923 253 4961 870 4964 1064 4956 3859 4941 1720 4983 3955 4944 1673 4965 
10 4401 513 3545 4256 2133 4977 990 4965 1356 4936 1677 4989 724 4986 2066 4999 2377 4941 4558 4929 2157 4960 1427 4966 5000 4995 4069 4975 835 4964 2795 4966 1640 
995 2049 1132 4797 2311 4971 119 4820 2647 4840 1254 4985 3961 4986 2666 4945 3103 4981 2221 4970 1804 4888 186 4909 2596 4915 4456 4918 4033 4960 4429 4967 1187 4913 
10 3263 4994 3087 4947 2286 4981 3748 4660 1451 4985 11 4987 2386 4982 3866 4860 4423 4987 1737 4917 4376 4904 4458 4988 2148 4962 3366 4946 2164 4906 2790 4961 46 
4573 4962 43 4942 962 4692 3244 4786 3944 4994 4178 4915 212 4958 4413 4935 671 4989 499 4938 260 4964 1337 4896 4929 4996 2061 4975 3536 4998 2758 4974 2006 4953 
4976 2612 4941 1577 4929 2475 4984 781 4913 2225 4829 4663 4994 2617 4930 618 4923 4132 4954 4225 4908 1791 4959 4742 4968 851 4954 4772 4977 2689 4824 4170 4955 4173 
2255 4916 2613 4921 4392 4845 3715 4966 1804 4860 3596 4931 2971 4983 4217 4961 1748 4934 2977 4989 3662 4878 2397 4968 4569 5000 2815 4964 2416 4951 1944 4939 2922 4967 
4928 3459 4954 2620 4920 2961 4859 4639 4916 838 4908 4350 4964 4996 4922 4633 4967 399 4957 4338 4959 3900 4961 1494 4968 3822 4994 737 4938 4859 4924 4283 4867 2502 
4532 4916 4012 4985 2582 4888 13 4993 2328 4930 1498 4908 3716 4937 1454 4997 3150 4959 1037 4977 1297 4995 1792 4986 827 4914 2259 4928 3180 4953 4251 4947 3592 4911 
4999 3462 4921 3876 4960 4614 4859 4829 4954 4171 4990 4650 4943 1275 4990 629 4948 295 4940 1491 4868 326 4948 3624 4941 3752 4960 4491 4901 1878 4985 3031 4941 3028 
917 4959 929 4941 4387 4960 1155 4968 2991 4971 3281 4967 4471 4989 4736 4994 4152 4992 3701 4958 4919 4897 382 4942 855 4965 3509 4963 4538 4975 2883 4931 699 4931 
4929 3506 4938 586 4938 1848 4915 2924 4985 4448 4988 1356 4986 3364 4911 4397 4995 970 4907 4438 4971 4336 4976 703 4950 1515 4975 1498 4914 142 4891 4803 4966 1183 
4122 4948 1097 4961 975 4998 198 4952 3003 4881 1110 4983 3521 4981 2062 4969 1410 4918 887 4967 4058 4963 1046 4987 4516 4979 340 4970 1702 4910 3223 4952 1070 4922 
4981 4472 4993 3691 4968 3380 4999 2966 4923 2338 4944 1230 4951 3732 4978 2358 4986 1606 4919 1249 4986 2436 4899 3561 4992 4677 4961 23 4989 2607 4963 3742 4935 2291 
823 4925 1022 4976 4569 5000 2949 4985 3280 4893 1194 4998 2098 4964 1985 4926 307 4986 3794 4942 3528 4947 1621 4891 918 4980 972 4995 3925 4951 1858 4928 516 4996 
4954 478 4899 3869 4940 2352 4903 344 4957 3845 4980 4093 4920 758 4968 546 4915 2716 4950 4377 4955 1754 4939 3735 4865 667 4971 3948 4927 3549 4973 3440 4873 2678 
3288 4996 4886 4990 478 4957 2157 4990 1182 4935 4270 4937 2847 4944 904 4953 137 4880 3709 4986 4310 4933 1263 4851 3121 4982 3982 4959 4544 4977 1071 4929 286 4910 
4959 4019 4955 997 4985 3179 4906 4869 4988 3213 4976 380 4974 2799 4938 1888 4931 3025 4902 4131 4953 3927 4861 2726 4914 169 4962 3837 5000 3719 4968 2801 4818 1439 
1141 4919 4925 4860 2092 4928 3823 4921 1579 4950 3604 4914 872 4973 1049 4989 3379 4996 4057 4999 2403 4864 3162 4924 957 4994 4447 4941 1375 4917 3808 4991 2412 4877 
4920 3353 4991 3339 4924 1689 4896 4586 4953 1324 4974 1644 4960 3984 4926 4159 4924 4857 4878 3880 4999 4806 4940 4033 4963 3343 5000 3097 4971 4019 4934 36 4953 4010 
1618 4995 4587 4958 4297 4955 3397 4994 3674 4958 1280 4929 4631 4997 984 4983 2266 4923 2713 4954 1544 4937 273 4997 3248 4949 914 4961 2184 4931 3935 4928 569 4987 
4972 1490 4914 4335 4916 3537 4949 3811 4978 3060 4968 1640 4977 3606 4929 2124 4875 2999 4954 322 4965 400 4994 1401 4991 4125 4962 4555 4901 4942 4963 3837 4971 422 
4921 4973 4528 4976 2460 4970 1943 4980 3828 4947 4673 4997 1907 4909 3894 4981 3762 4943 110 4941 2660 4940 1801 4986 4732 4842 2774 4938 2420 4932 536 4977 720 4981 
4950 2678 4965 1555 4976 2390 4899 2093 4989 1453 4986 4774 4999 3509 4984 3793 4977 3756 4923 479 4904 3976 4985 2126 4993 3607 4858 3136 4957 1100 4895 3157 4989 825 
3178 4944 2652 4923 2045 4994 2430 4948 2598 4985 3805 4930 4224 4977 2531 4992 4097 4902 4248 4984 3058 4964 1782 4985 2367 4938 2198 4907 3022 4975 631 4925 2134 5000 
4978 3522 4971 4023 4999 655 4929 1785 4951 4770 4916 1413 4976 3136 4992 68 4970 1551 4938 789 4858 3537 4874 2420 4938 216 4931 1150 4966 645 4897 3605 4938 2189 
158 4939 4531 4961 1463 4889 66 4888 1181 4980 4899 4988 2896 4958 3719 4978 3320 4975 2681 4982 160 4858 2221 4997 2524 4909 3527 4949 3701 4914 3188 4977 1065 4994 
4998 4059 4926 4663 5000 1565 4987 428 4954 1472 4949 2844 4875 335 4927 894 4988 2272 4920 4943 4986 1070 4986 4203 4868 2769 4978 3025 4902 200 4984 1832 4997 4418 
820 4981 1069 4925 467 4911 4037 4903 2448 4839 4010 4868 2645 4883 4827 4976 1511 4984 3091 4822 576 4950 1061 4982 3054 4899 191 4968 2913 4997 282 4919 2686 4998 
4999 4078 4920 4221 4952 4641 4959 124 4980 4770 4876 3513 4917 3171 4915 2694 4885 3029 4949 533 4944 4576 4928 4736 4975 101 4978 1914 4973 2236 4916 3031 4901 958 
4487 4975 2095 4983 4504 4983 1422 4972 2518 4997 2721 4932 3280 4973 3489 4984 2000 4971 4142 4966 1055 4964 2846 4902 734 4972 4823 4959 2517 4924 3439 4979 113 4965 
4900 2984 4880 587 4985 558 4940 1156 4947 2475 4983 3981 4906 3976 4953 1316 4885 3299 4892 697 4973 438 4998 3608 4910 1261 4942 1004 4960 516 4881 1640 4965 1821 
3344 4948 1113 4897 746 4967 2136 4931 2114 4978 2262 4877 399 4989 4342 4894 2571 4922 3708 4938 3122 4978 247 4965 3500 4927 3342 4971 3496 4877 3302 4941 4370 4961 
4875 311 4972 264 4951 4344 4999 522 4983 2078 4976 3964 4947 4049 4990 4676 4868 609 4915 2504 4966 3442 4962 2819 4992 4930 4950 3277 4950 842 4983 3522 4979 2661 
3077 4897 1963 4920 298 4992 4282 4958 3550 4916 2265 4936 111 4990 237 4913 1997 4918 1091 4994 4009 4934 1477 4913 4941 4922 111 4969 3091 4942 1535 4910 3831 4879 
4939 3650 4957 499 4934 3168 4992 2500 4937 4686 4964 4173 4965 4947 5000 2401 4983 1755 4962 719 4999 1322 4943 307 4943 4706 4841 1642 4867 2289 4958 2951 4948 4804 
2107 4986 3209 4937 3398 4901 2270 4934 440 4999 2250 4979 586 4932 4801 4942 1364 4918 4365 4991 15 4972 887 4963 1421 4998 290 4998 892 4952 2312 4918 995 4924 
4961 2480 4965 1528 4934 366 4936 4814 4964 1518 4991 3941 4966 1765 4940 4752 4935 3541 4861 3763 4963 1640 4909 2441 4967 116 4900 3317 4964 3174 4966 3643 4929 300 
4581 4998 2626 4965 2746 4921 4836 4970 3366 4976 3397 4979 2341 4957 3418 4970 3226 4837 1954 4984 3325 4985 2142 4991 4155 4973 569 4980 2385 4985 4913 4976 951 4904 
4962 3714 4991 1734 4833 3272 4956 4724 4998 2894 4995 2615 4965 399 4999 3707 4862 2348 4999 3453 4918 1938 4990 1903 4974 4038 4938 3632 4985 393 4999 2472 4980 3534 
33 33
2495 5000 3676 4974 3528 4977 1419 4901 4882 4981 2133 4991 3429 4988 1639 4925 1134 4890 385 4905 804 4989 738 4975 1625 4991 2621 4984 4264 4918 249 4855 1148 
4969 3015 4889 2689 4941 3259 4891 1076 4907 92 4933 843 4985 3361 4957 1551 4944 2130 4995 4629 4973 1108 4974 4198 4998 1862 4974 55 4999 184 4933 2530 4941 
803 4995 1917 4980 2858 4971 2477 4983 2540 4813 1272 4959 3306 4970 2678 4944 4276 4875 1108 4964 452 4928 4251 4976 1954 4961 3711 4869 4588 4846 2066 4948 713 
4883 4343 4892 4845 4930 2759 4964 1615 4986 1498 4990 3244 4921 3706 4950 741 4945 3735 4910 629 4979 4759 4957 1551 4941 4220 4925 259 4923 154 4961 2832 4975 
660 4976 4321 4989 994 4915 4866 4867 123 4876 27 4990 4297 4932 2596 4911 1021 4988 890 4944 168 4979 1522 4941 3282 4966 4946 4941 519 4933 2697 4991 2123 
4919 4659 4964 2610 4975 3873 4976 2334 4955 2280 4987 3704 4931 919 4960 2179 4997 1629 4980 2619 4939 2002 4902 3979 4883 193 4966 3166 4906 4861 4945 1032 4965 
4184 4973 2732 4931 1299 4920 1127 4862 1439 4971 713 4998 2739 4961 649 4900 160 4946 853 4872 3681 4883 1297 4994 3485 4997 534 4908 2082 4927 1885 4941 4524 
4944 4604 4989 4874 4892 724 4975 4167 4943 677 4970 3789 4930 1979 4999 93 4982 1834 4979 2778 4958 4763 4962 3632 4951 3557 4964 112 4964 607 4945 1918 4898 
850 4910 3118 4989 1227 4947 928 4928 4416 4955 2160 4941 1551 4989 762 4990 753 4890 2703 4853 1876 4998 3150 4957 4901 4914 2179 4968 1282 4961 4800 4869 4977 
4996 2338 4976 2898 4958 4732 4926 3924 4991 3521 4984 3797 4980 57 4972 2797 4843 1130 4948 193 4849 3470 4829 4907 4983 70 4928 2350 4940 2042 4992 551 4963 
837 4987 831 4974 244 4957 2988 4980 128 4929 3000 4975 4367 4968 775 4999 4404 4969 4833 4998 2662 4896 10 4927 4721 4946 4759 4973 4100 4966 2429 4965 4386 
4994 2827 4910 974 4998 3040 4977 997 4937 1548 4929 335 4890 3352 4971 1586 4984 3637 4885 3488 4981 4035 4927 833 4954 1193 4961 2367 4996 2812 4941 3414 4933 
4178 4913 807 4997 4197 4976 736 4941 4553 4947 2853 4947 234 4958 3486 4985 4035 4996 1975 4879 1559 4949 703 4955 2452 4938 1490 4820 3723 4987 1545 4963 3995 
4969 2916 4985 1722 4986 1570 4980 385 4984 2340 4869 443 4970 1649 4915 1997 4913 1351 4992 2153 4991 2076 4949 3224 4983 2754 4935 1526 4922 304 4931 3446 4931 
4019 4984 649 4987 4747 4948 4342 4941 2038 4994 3574 4988 4172 4979 4983 4954 3886 4894 3224 4991 1558 4928 3811 4980 1876 4964 1084 4942 1756 4969 2276 4967 253 
4942 3896 4930 883 4978 3785 4968 128 4996 1729 4973 894 4901 61 4974 394 4995 3388 4961 2816 4972 125 4993 4830 4923 2956 4887 3024 5000 2544 4939 1247 4971 
4605 513 3153 4982 722 4973 4410 4996 4064 4988 2933 4983 1154 4978 1818 4997 4946 4999 3088 4971 2435 5000 3409 4986 4677 4970 3014 4899 144 4963 3742 4973 3241 
129 2429 4921 3550 4992 1941 5000 3655 4918 3133 4958 1406 4959 2127 4931 3633 4870 444 5000 1390 4905 3206 4997 400 4932 4541 4920 4436 4969 641 4954 1479 4909 
3885 2049 1192 4977 1391 4943 4046 4972 3928 4890 2852 4983 2040 4952 256 4875 3926 4986 2571 4993 1529 4923 2711 4974 3408 4945 3529 4986 2976 4947 569 4961 1333 
33 2795 4973 1744 4952 4697 4939 4142 4930 2134 5000 3845 4979 3720 4892 1680 5000 2282 4977 3549 4979 4487 4934 1338 4989 1796 4872 4184 4978 2250 4930 4693 4926 
1725 2699 915 4970 4949 4989 891 4932 2582 4889 2194 4943 3125 4975 1957 4946 4751 4976 1335 4964 1449 4958 2481 4946 624 4893 1095 4996 2332 4922 2469 4975 1119 
10 3463 4436 4650 4987 4936 4925 4555 4950 1313 4986 2575 4940 614 4897 3005 4946 3912 4981 408 4977 3847 4959 4004 4964 2149 4897 3649 4905 593 4967 4881 4882 
1634 4055 105 4997 1632 4922 4251 4936 4831 4967 111 4986 3615 4914 3723 4934 4727 4905 3298 4945 1704 4945 1271 4968 4055 4930 2566 4924 1031 4986 1573 4985 944 
10 4832 4057 2549 4998 1773 4910 4122 4985 3806 4948 4099 4940 1374 5000 4178 4969 2362 4981 469 4981 3789 4957 3325 4968 1707 4888 2102 4922 1225 4814 3082 4995 
783 4909 4996 4288 3245 4990 3358 4982 1546 4944 3449 4981 632 4947 3611 4919 4645 4966 3891 4928 794 4978 3267 4960 4700 4965 490 4968 1800 4942 3666 5000 4667 
4923 236 4951 2351 4546 4848 4963 527 4904 4488 4956 1497 4934 900 4985 3207 4954 2115 4903 4114 4942 1407 4959 1235 4932 4543 4983 4483 4918 899 4946 572 4977 
1124 4948 2707 4928 1067 4941 2755 4978 660 4936 3419 4914 3967 5000 966 4935 4572 4991 656 4979 179 4913 2468 4944 275 4926 4687 4975 1665 4964 4029 4988 4260 
4972 4896 4890 4850 4555 4151 4949 3196 4918 3588 4898 2028 4963 3110 4984 3562 4943 4668 4993 3283 4968 2585 4975 4058 4985 4720 4976 725 4989 659 4897 160 4943 
1334 4893 2864 4715 1874 4892 1559 4972 4084 4984 1492 4961 3897 4966 4549 4964 3790 4880 4433 4851 4075 4985 1837 4968 741 4978 727 4956 1763 4982 4365 4870 4842 
4813 2801 4841 4759 4735 1854 4889 1465 4931 1853 4969 2022 4993 412 4879 1642 4951 3882 4971 2526 4939 558 4932 542 4904 2610 4969 1157 4955 1820 4907 4866 4992 
3524 4926 2514 4930 4354 4870 3131 4988 4435 4953 1139 4902 4404 4988 601 4993 2285 4985 2686 4944 3281 4981 4375 4914 1700 4995 378 5000 1965 4988 4200 4945 840 
4841 1979 4962 3189 4940 324 4925 2072 4947 3713 4959 1756 4962 828 4933 4884 4980 3766 4942 4488 4976 2313 4940 3138 4994 3790 4925 3930 4993 3309 4989 4931 4983 
162 4842 2728 4907 1191 4870 3959 4895 312 4974 1245 4870 4617 4986 4124 4970 2897 4994 825 4969 2589 4971 3571 4974 907 4928 4302 4982 2589 4918 4695 4920 3682 
33 37
3721 4958 3685 4912 347 4928 4534 4948 1086 4957 2636 4971 3582 4958 2833 4845 3373 4990 1791 4965 4015 4989 3621 4962 261 4866 525 4893 4872 4987 2441 4984 2878 
4982 4644 4895 4089 4960 605 4932 711 4956 3488 4999 2077 4915 1137 4970 2516 4941 3027 4986 2188 4970 2326 4948 1073 4826 3283 4904 1004 4954 1431 4985 2866 4983 
4048 4963 3582 4997 3123 4965 3586 4889 1952 4996 2639 4998 3434 4948 2365 4918 2731 4954 639 4970 1380 4941 313 4977 1193 4979 4699 4905 4159 4915 2024 4999 4821 
4905 2268 4953 2959 4950 4203 4953 1001 4987 4895 4895 2949 4959 2795 4925 2615 4999 4500 4996 642 4966 1472 4979 2529 4993 3994 4986 3895 4954 1973 4966 1315 4978 
1139 4970 1720 4957 3343 4942 2136 4955 2574 4940 1643 4954 2247 4961 1724 4984 2218 4968 829 4967 1626 4951 157 4962 214 4991 3850 4910 3734 4853 4053 4965 4752 
4920 4540 4982 2560 4967 3144 4998 1439 4992 3594 4977 2275 4974 2851 4995 4190 4990 3633 4938 4637 4966 2663 4909 4293 4943 1647 4934 4014 4939 4782 4975 2376 4967 
3235 4988 4399 4861 4953 4881 2673 4863 766 4956 368 4901 2010 4961 781 4962 2728 4999 1510 4953 17 5000 3339 4983 1886 4981 3494 4904 2227 4929 3653 5000 3187 
4953 257 4905 2674 4960 4077 4874 456 4991 799 4962 3741 4909 3589 4995 2533 4944 3680 4928 1223 4935 1804 4998 619 4986 4472 4875 4454 4977 638 4953 556 4950 
3779 4978 2547 4921 3383 4935 322 4995 4943 4997 2289 4892 3042 4927 1278 4902 2976 4956 3535 4928 4776 4953 2555 4928 3129 4987 2712 4938 1663 4915 2863 4958 64 
4993 1055 4947 2868 4925 3022 4909 4200 4971 3034 4892 149 4901 644 4895 4104 4951 2624 4957 4014 4990 2549 4949 1587 4960 1039 4971 1499 4981 2504 4984 1181 4936 
4040 4971 4485 4997 3513 4908 1140 4923 137 4987 1775 4955 1330 4964 3776 4983 1969 4926 4152 4973 495 4999 1368 4895 2730 4913 4639 4952 3020 4942 107 4924 4079 
4939 3054 4998 4221 4988 1555 4929 649 4990 3448 4978 3829 4963 1333 4924 2702 4906 4897 4929 3815 4937 3233 4965 2220 4915 4912 4918 2805 4923 638 4976 2152 4962 
3863 4954 4055 4907 3793 4985 572 4940 1757 4930 3934 4955 2542 4962 1963 4974 2998 4913 4653 4899 1747 5000 331 4982 4736 4924 1778 4858 2722 4997 3621 4926 567 
4894 243 4983 1185 4997 4362 4961 4921 4982 955 4906 3514 4906 4919 4945 259 4977 1076 4921 3737 4981 2542 4982 3117 4978 4673 4967 3099 4953 4034 4903 3785 4982 
4550 4910 1252 4930 1358 4950 3151 4995 412 4985 3561 4904 2278 4900 4163 4970 3805 4946 2706 4902 4004 4937 3623 4944 4228 4965 4421 4973 258 4980 1499 4999 205 
4951 1818 4950 2861 4886 894 4934 2920 4932 894 4976 4450 4942 1139 4996 942 4885 3777 4933 1456 4980 3687 4990 3771 4939 2168 4976 3787 4883 1348 4904 972 4982 
1408 4865 2723 4943 2550 4976 1622 4997 3013 4900 1501 4899 2268 4931 1849 4967 4510 4986 2258 4914 3430 4978 2331 4964 3135 4941 3916 4974 2498 4939 4122 4987 364 
4919 4695 4785 2630 4976 806 4966 172 4990 4753 4857 4225 4937 1658 4983 1552 4881 3082 4942 682 4914 1501 4966 3506 4971 3167 4929 4538 4913 4524 4990 2825 4932 
3625 4506 4978 4361 4280 4986 1292 4990 2763 4986 4236 4935 1680 4895 3333 4943 1664 4913 159 4943 1814 4926 4559 4932 3095 4992 1551 4965 2312 4983 4053 4974 527 
4733 713 4987 2554 4672 4659 4888 2058 4994 3134 4974 909 4999 2477 4928 3910 4984 2917 4877 4595 4879 4003 4902 1836 4992 1367 4942 361 4951 4671 4963 2451 4953 
3954 4983 2916 4990 4724 4667 3897 4999 3851 4995 4136 5000 3441 4984 2035 4968 296 4978 2960 4990 1883 4927 3604 4934 374 4963 4080 4981 1767 4982 3124 4969 4525 
4983 3985 4792 2331 4105 3171 4665 732 4905 2605 4935 3863 4994 3670 4868 4314 4905 174 4974 4778 4919 598 4937 3662 4896 1243 4984 1194 4989 4809 4982 167 4923 
4482 4865 4994 10 2466 10 4896 4963 4329 4976 3153 4938 4399 4946 2523 4973 3374 4898 2493 4919 2235 4987 2390 4988 1455 4939 283 4967 171 4982 3942 4982 1607 
4902 1360 4840 3976 33 4006 1167 147 4982 1627 4958 1121 4951 2371 4873 3666 4962 4865 4937 3660 4945 2866 4989 2003 4973 1047 4999 1448 4999 2885 4933 4302 4995 
3213 4854 311 4850 2219 129 3432 513 2894 4997 2731 4954 1108 4967 4493 4988 609 4965 3837 4977 1803 4984 2502 4901 3958 4907 115 4990 3380 4990 1544 4913 587 
4923 4164 4886 1291 4993 3424 4920 1325 4972 61 4949 2902 4929 1222 4906 3379 4906 4106 4978 4975 4878 1126 4977 39 4976 1910 4969 4506 4989 1093 5000 4834 4908 
1501 4965 3813 4926 3421 4967 1233 4966 2865 4880 1883 4970 685 4990 4918 4995 201 4989 67 4961 269 4936 194 4976 2569 4913 617 4966 687 4917 599 4914 3092 
4995 1135 4891 2584 4988 1157 4906 4519 4908 3022 4970 3242 4957 1271 4882 3932 4989 4319 4912 4704 4985 261 4989 2134 4913 302 4988 327 4982 2782 4992 1472 4959 
2918 4867 1123 4887 2263 4878 964 4929 3470 4975 237 4984 3131 4974 1915 4925 4457 4984 4844 4985 151 4902 2840 4997 3738 4930 4864 4944 1868 4948 3568 4936 4456 
4941 3676 4988 901 4886 3915 4899 4700 4975 3222 4984 637 4986 1975 4911 4787 4990 3133 4949 1696 4928 185 4926 3615 4956 4672 4942 2555 4965 1619 4949 904 4948 
148 4984 845 4898 485 4983 658 4997 2286 4978 1423 4946 1224 4938 2223 4926 1265 4914 2697 4960 243 4959 2133 4937 4482 4940 3310 4934 3000 4966 742 4924 1218 
4942 2480 4935 1473 4979 3433 4998 4619 4969 1100 4941 2032 4929 1895 4977 2288 4942 3066 4973 4186 4958 47 4977 979 4950 3891 4962 2498 4979 1880 4901 3821 4853 
1146 4945 3695 5000 3832 4916 358 4914 612 4963 38 5000 4227 4901 257 4862 1622 4978 1657 4952 1444 4904 4324 4934 4759 4962 3634 4996 3049 4953 2911 4957 2715 
4955 2138 4902 3946 4924 3134 4982 3117 4967 1146 4963 2518 4961 493 4978 1287 4958 667 4954 499 4983 2081 4875 1169 4979 4371 4952 3896 4905 3301 4958 4676 4928 
1138 4957 3440 4921 3621 4944 869 4985 3734 4955 2435 4940 4337 4955 2118 4977 3122 4957 3856 4983 10 4971 446 4972 3644 4902 4750 4982 4829 4947 3759 4873 296 
4953 914 4953 2466 4978 2530 4980 1156 4993 4227 4968 1546 4995 4463 4950 2497 4994 3961 4980 3029 4922 4217 4931 4926 4889 2870 4816 2008 4941 1395 4997 635 4959 
4161 5000 4957 4954 4846 4949 2192 4963 4635 4959 4043 4934 3639 4936 1092 4977 2235 4987 1679 4988 4615 4933 4876 4994 4067 4883 443 4891 1938 4957 3224 4974 826 
37 40
4986 4069 4984 1609 4784 3651 4861 1755 4996 4928 4837 4115 4948 4296 4945 1224 4977 299 4869 3423 4956 3701 4906 1531 4984 3231 4942 2636 4941 898 4972 2903 4998 1857 4931 1852 4858 
2658 4986 2484 4970 107 4994 230 4999 4944 4881 1956 4939 1493 4942 846 4960 3215 4991 3444 4903 1829 4909 4367 4909 4773 4972 1912 4877 3173 4995 4533 4911 1737 4960 3179 4929 2823 
4980 4474 4969 2811 4915 498 4929 2199 4955 4124 4950 118 4950 3391 4974 2378 4973 616 4936 4843 4881 37 4997 3374 4985 2737 4940 4267 4939 4476 4941 3229 4961 3296 4946 2226 4972 
2640 4935 826 5000 2954 4994 4097 4988 2633 4925 1755 4987 4691 4993 1975 4992 845 4917 1648 4959 672 4979 3400 4891 4034 4973 741 4995 4301 4986 623 4949 2744 4880 4754 4951 4893 
4970 1721 4978 2120 4952 3890 4918 2911 4992 1388 4940 3127 4932 4319 4945 4184 4994 4787 4980 3627 4996 1363 4929 2124 4997 1935 4939 4543 4914 4600 4985 643 4921 2512 4988 2284 4924 
1987 4942 1326 4980 1040 4926 11 4971 2743 4933 1262 4975 2984 4880 2822 4970 4454 4854 976 4952 4346 4909 1565 4991 426 4964 1167 4985 4480 4984 2323 4989 1235 4974 4872 4911 2508 
4969 2643 4981 1927 4919 4908 4907 3951 4955 2159 4894 517 4899 3455 4965 1209 4953 1140 4928 2433 5000 2742 4973 1547 4990 3059 4979 2057 4814 4965 4926 3329 4960 651 4960 3892 4903 
1772 4970 778 4973 4413 4926 3942 4914 1646 4969 431 4988 93 4968 3073 4974 2659 4886 2762 4935 3428 4962 3036 4976 192 4950 806 4938 2090 4925 831 4854 4584 4944 4707 4998 4703 
4893 4845 4956 913 4961 1948 4913 4874 4976 4035 4923 3089 4942 1636 4978 2058 4988 2704 4904 3863 4875 1722 4987 629 4973 3156 4998 4032 4940 3058 4971 4772 4951 119 4953 1565 4951 
1958 4881 1594 4971 1013 4906 562 4990 3732 4987 2325 4902 2905 5000 2375 4931 2728 4884 2472 4887 3009 4950 1284 4946 4009 4896 626 4951 2408 4996 3385 4956 883 4937 3684 4975 2465 
4924 164 4942 819 4979 3809 4962 4830 4969 2945 5000 1514 5000 3048 4858 3422 4938 3065 4941 3468 4961 4043 4988 2613 4922 3170 4906 3305 4906 814 4999 3684 4987 3402 4971 2556 4992 
800 4971 4472 4981 4194 4962 2043 4992 3876 4999 3797 4966 3821 4963 3030 4978 1160 4940 1138 4901 1962 4975 2206 4948 3051 4885 2912 5000 4532 4999 502 4986 1441 4912 3790 4960 4855 
4931 4294 4924 3079 4940 1247 4852 2695 4951 4730 4978 4227 4945 1789 4891 3637 4957 1406 4973 2369 4929 2818 4991 4963 4977 1058 4933 4516 4932 4988 4951 3099 4979 4933 4988 4036 4956 
471 4925 4575 4991 4322 4985 2061 4991 2447 4947 3929 4975 4389 4949 4425 4903 903 4996 4575 4883 3283 4995 4782 4988 1944 4892 892 4962 4886 4896 3976 4944 4328 4946 4309 4957 1504 
4984 1642 4865 2317 4938 4543 4960 1062 4911 815 4905 4639 4938 2214 4983 2091 4856 4945 4982 2323 4937 1783 4959 3215 4977 1842 4980 3407 4924 4241 4872 3458 4970 441 4976 548 4957 
1536 4989 2044 4995 238 4901 4063 4993 965 4929 3865 4928 4070 4928 4181 4901 3643 4995 2100 4975 568 4978 1999 4972 2697 4925 2405 4967 3207 4963 1050 4935 3522 4927 3572 4884 255 
4971 1965 4945 1474 4969 1616 4940 719 4990 1300 4954 3688 4827 1127 4928 2707 4892 3817 4981 24 4947 1944 4997 4883 4929 3570 4948 1386 4941 1703 4966 3991 4930 4152 4910 4453 4979 
4608 4935 3610 4954 2703 4958 3768 4982 3236 4908 4572 4998 3356 4925 4368 4917 4872 4830 1851 4975 2799 4926 1011 4949 1539 4981 2191 4935 3933 4928 1908 4968 4287 4964 2293 4949 4623 
4930 2404 4975 3804 4900 161 4968 1949 4959 2966 4980 858 4979 4024 4959 4222 4966 4351 4977 3166 5000 2003 4998 494 4972 1176 4882 1116 4969 2520 4941 814 4957 3361 4973 2903 4987 
1421 4961 2014 4981 911 4987 545 4972 2082 4982 4682 4980 4954 4962 519 4926 2957 4964 323 4965 3773 4924 3027 4947 1720 4974 4347 4979 582 4924 3539 4922 1754 4937 4222 4989 2411 
4959 1632 4888 1178 4924 4030 4941 308 4992 530 4909 1083 4983 3459 4964 4704 4960 1731 4893 1103 4891 1112 4939 4489 5000 3309 4953 2545 4968 2843 4949 23 4963 1246 4958 4433 4915 
4810 4988 2411 4939 3594 4977 2667 4933 881 4885 4031 4970 4423 4985 4147 4994 422 4939 1840 4963 4222 4971 2431 4973 1859 4984 1833 4989 3825 4994 216 4949 4629 4959 3226 4969 2079 
4972 2190 4972 4959 4953 3894 4915 2344 4964 4279 4987 3044 4938 1056 4919 28 4972 3071 4927 1076 4912 4015 4996 3799 4829 20 4952 370 4994 531 4986 4436 4989 1935 4944 4078 4910 
2990 4985 2189 4919 4075 4988 3451 4945 1485 4995 4161 4978 1400 4884 1306 4994 1615 4929 26 4877 830 4940 3149 4985 127 4892 4002 4853 2372 4972 432 4966 439 4983 1440 4923 4879 
4927 4846 4996 4201 4850 928 4952 785 4958 1336 5000 3980 4989 3376 4956 2532 4992 189 4973 2086 4926 2885 4917 1652 4979 4292 4883 2337 4943 1664 4986 3250 4941 103 4941 4402 4998 
635 4954 2535 4967 597 4968 3638 4977 211 4977 2688 4903 17 4915 4874 4968 2228 4969 4517 4875 217 4938 3268 4988 3246 4948 2759 4931 1021 4982 2952 4893 1775 4941 939 4876 499 
4885 4117 4990 3947 4913 4852 4998 2648 4986 86 4910 3467 4902 2968 4988 1568 4976 4672 4998 3904 4995 3670 4966 1562 4963 4607 4968 4284 4934 2263 4970 673 4981 4151 4948 3919 4993 
4030 4963 3461 4931 4934 4905 1702 4915 4265 4992 2405 4963 2647 4987 474 4990 1791 4966 2898 5000 1121 4985 4907 4963 1370 4968 3028 4960 94 4933 3479 4993 2791 4961 2146 4931 2141 
4953 328 4935 1894 4932 4153 4947 1511 4918 2071 4938 1187 4945 1791 4994 1548 4976 4699 4919 3769 4934 4469 4924 1108 4898 3844 4960 3854 4918 4027 4954 1521 4913 996 4914 91 4916 
2926 5000 3096 4949 4932 4961 3378 4958 2420 4923 233 4883 1709 4952 2711 4993 4377 4991 677 4996 4389 4905 265 4998 4862 4968 3941 4908 331 4979 3734 4902 2478 4991 4336 4942 4904 
4954 2574 4878 857 4925 503 4956 3085 4976 3256 4942 3338 4987 4769 4925 568 4973 2647 4944 1194 4976 350 4973 4622 4969 110 4936 1540 4906 652 4991 4965 4752 1307 4978 3723 4990 
4476 4987 1105 4958 3582 4947 3878 4966 3964 4981 1783 4985 750 4959 1802 4967 4319 4996 1201 4936 197 4974 4750 4979 2761 4990 1839 4915 2899 4981 4128 4980 354 4799 276 4956 317 
4971 2963 4961 4459 4976 722 4929 4007 4970 2857 4959 2213 4960 1482 4925 3795 4953 1582 4993 1590 4978 2614 4985 1557 4977 1455 4993 3550 4993 1081 4803 4449 4586 1714 4977 4659 4948 
3155 4992 3089 4943 3337 4957 3240 4996 35 4918 2881 4988 4936 4963 3051 4933 4645 4986 524 4985 54 4943 3519 4984 1804 4979 2778 4945 662 4800 2764 4797 308 4862 1023 4906 4781 
4966 4406 4919 2290 4954 1396 4980 2057 4996 2105 4954 858 4882 4375 4918 3694 4984 1399 4947 1437 4904 4256 4971 1090 4975 2436 4921 1142 4932 595 4988 1703 4578 4963 4891 2253 4940 
3009 4895 4383 4987 2977 4885 4838 4989 3290 4912 224 4904 4589 4980 4406 4898 1456 4989 883 4940 3534 4920 4627 4984 3848 4937 1993 4940 3111 4477 2394 4959 4797 4986 3069 33 4063 
4981 1197 4960 4866 4924 237 4923 303 4982 2092 4902 1962 4962 352 4964 4530 4997 4989 4952 3048 4983 3205 4973 2613 4942 4455 4981 2647 4895 4243 4763 1066 4972 425 4828 220 10 
3207 4991 1111 4943 3735 4950 2289 4978 2293 4958 1800 4949 2488 4989 4936 4932 2572 4947 960 4923 702 4905 1344 4907 319 4978 2020 4958 3491 4984 615 4754 2070 4820 4256 129 3675 
4912 2330 4959 384 4894 1422 4915 1211 4983 4012 4932 1076 4932 2798 4992 890 4913 389 4968 4449 4937 333 4979 2170 4989 3743 4954 964 4958 4816 4449 4141 4935 873 513 277 10 
3683 4998 3340 4988 2392 4889 1253 4984 1345 4875 1322 4898 4571 4984 4348 4977 4457 5000 4802 4944 4163 4985 1177 4922 783 4917 2452 4965 1041 4932 2736 4140 1864 4869 4524 1218 1623 
39 38
1324 4957 4328 4965 3732 4989 2797 4937 3239 4982 2471 4985 4396 4952 3491 4953 437 4975 780 4991 4667 4998 3874 2049 3782 4411 4749 4298 2897 4720 1552 4887 547 4903 2410 4985 4982 4985 1053 
4971 4051 4941 1939 4958 2924 4943 215 4988 193 4977 3119 4983 162 4946 4289 4968 2745 4922 16 4906 1652 4964 3517 513 2287 4883 3711 4933 4199 4782 1047 4878 1799 4823 1469 4951 3680 4812 
74 4980 1308 4909 1986 4967 3265 4974 453 4977 1480 4946 3778 4929 2400 4873 955 4959 598 4987 228 4942 4639 4994 4798 4325 2410 4846 4269 4867 2493 4853 1161 4869 4159 4886 507 4895 1927 
4980 330 4882 1242 4985 4532 4957 1569 4958 1292 4874 1184 4893 1584 4971 4289 4952 3556 4937 626 4942 2822 4961 1244 129 2328 4516 4781 4948 4727 4915 1899 4893 1081 4866 3347 4965 1261 4911 
146 4909 2854 4897 49 4955 3544 4897 4384 4921 521 4993 4372 4930 4567 4994 335 4983 2394 4882 3889 4988 4535 10 2400 33 4969 4968 169 5000 4327 4962 4275 4901 1088 4987 478 4952 62 
4980 3114 4889 491 4963 4465 4980 2248 4862 1905 4952 3873 4975 252 4944 2620 4973 4847 4955 3638 4996 495 4965 2352 10 3194 4967 4197 4959 629 4955 3672 4932 4862 4916 2138 4996 1478 4911 
2456 4919 2988 4962 3579 4967 470 4920 2693 4994 2474 4967 2622 4991 713 4972 3084 4905 1312 4921 4215 4999 915 4936 3278 4985 172 4960 1540 4993 4282 4985 2341 4978 2363 4942 3292 4913 1968 
4956 4280 4969 3238 4988 2236 4986 3151 4975 3339 4996 1453 4939 3334 4950 2897 4991 1544 4878 577 4947 126 4989 3628 4959 3547 4967 794 4988 2736 4904 767 4911 2489 4925 1050 4980 4054 4924 
1678 4987 2337 4981 3609 4913 2281 4880 455 4918 4044 4978 1224 4997 586 4997 2470 4959 1845 4941 256 4981 2818 4984 2795 4944 558 4943 2032 4915 2679 4963 2010 4889 276 4920 3820 4947 389 
4948 11 4988 339 4954 1533 4911 1713 4968 4805 4984 2315 4940 4797 4986 291 4967 3532 4946 4748 4947 4816 4958 67 4994 4470 4870 2705 4974 3118 4902 3062 4966 3761 4926 77 4927 2747 4952 
2180 4977 628 4915 4396 4949 1265 4905 1575 4900 1749 4972 4732 4994 1555 4968 943 4992 224 4999 3947 4942 168 4999 2550 4970 4745 4917 388 4934 3356 4909 1000 4909 3080 4978 2172 4965 517 
4981 2783 4952 2331 4976 1189 4984 2431 4978 1264 4862 4781 4974 947 4958 1794 4990 1239 4932 347 4888 2135 4964 3566 4982 4759 4981 883 4925 3666 4978 1261 4996 2418 4890 2330 4992 687 4954 
261 4942 1855 4853 3255 4839 2814 4950 402 4974 3207 4980 1192 4983 1179 4920 1567 4981 2020 4868 932 4954 2567 4994 2323 4928 2686 4962 2140 4995 213 4889 656 4970 3252 4925 1358 4957 4709 
4955 807 4927 390 4939 1273 4965 802 4954 1831 4951 2144 4901 3945 4940 1603 4961 426 4982 2171 4985 4611 4996 572 4943 1059 4966 4512 4939 2134 4949 631 4994 2744 4966 1786 4930 655 4936 
418 4968 3189 4974 3924 4990 3133 4900 1743 4952 1596 4999 867 4950 1583 4931 2704 4977 1772 4886 4889 4941 2274 4996 1224 4984 957 4914 4889 4958 2414 4934 4241 5000 2967 4882 1753 4999 1080 
4932 4701 4984 4441 4949 4429 4904 3273 4932 2826 4927 1071 4885 4576 4918 830 4933 1759 4961 58 4961 4092 4938 368 4958 4762 4987 2565 4979 645 4962 3838 4997 4405 4969 2520 4945 4889 4949 
2081 4954 1022 4995 4150 4990 1104 4934 195 4995 3639 4880 98 4942 2910 4931 3838 4971 3942 4900 3244 4958 3188 4962 430 4959 1490 4973 3214 4972 1539 4969 4193 4934 1739 4945 456 4942 4816 
4967 2654 4985 184 4910 3454 4943 599 4974 2380 4981 2604 4970 3004 4929 4672 4896 2960 4953 1567 4983 3239 4993 2758 4960 269 4930 2774 4901 4411 4910 3040 4993 2815 4974 1373 4942 4086 4959 
923 4961 4128 4995 4780 4962 576 4962 3519 4932 4112 4977 3044 4877 3599 4971 1737 4941 238 4966 2710 4982 2282 4886 4208 4965 4787 4931 2606 4992 3126 4955 644 4952 4420 4977 4390 4992 4498 
4987 2287 4977 1149 4825 1916 4964 2767 4985 1204 4883 2269 4893 4741 4991 1017 4972 1977 4924 3419 4961 599 4972 1103 4984 463 4890 1210 4999 3059 4898 2754 4955 4874 4956 4305 4981 777 4988 
2945 4941 923 4899 3776 4992 4958 4993 2562 5000 1061 4987 4580 4955 548 4926 3127 4964 4784 4982 2189 4997 4455 4934 1694 4974 390 4949 4345 4977 544 4900 534 4994 262 4994 4289 4953 2491 
4945 3982 4983 3536 4946 3321 4986 330 4998 944 4885 3543 4939 3460 4964 2696 4987 2972 4982 225 4945 4426 4930 1179 4991 3734 4932 162 4948 4012 4988 3878 4994 266 4982 3122 4968 2543 4923 
1198 4897 2259 4928 3755 4941 1544 4986 1992 4984 4686 4915 974 4957 135 4922 1174 4913 78 4903 2830 4924 1643 4983 298 4887 1280 4916 4998 4958 1827 4873 1614 4997 1716 4997 2411 4999 4156 
4970 1849 4974 220 4927 2054 4931 1859 4994 60 4905 1965 4984 4817 4979 2699 4896 3753 4930 3398 4973 1466 4980 3699 4947 1142 4964 1950 4963 1904 4946 4610 4940 4564 4955 2234 4992 4773 4983 
2533 4986 2090 4893 4187 4955 3998 4923 2436 4959 4839 4981 2932 4971 3735 4994 916 4958 3067 4988 3669 4982 365 4960 4657 4988 328 4951 3705 4911 3267 4919 4716 4886 4945 4996 1630 4886 2765 
4989 1415 4955 1757 4957 4863 4964 2679 4938 1229 4962 4296 4993 1936 4848 994 4907 2671 4923 3771 4936 1166 4988 763 4977 2897 4957 1077 4934 4749 4968 3721 4988 2560 4922 4571 4986 4349 4949 
707 4927 1525 4957 1479 5000 2824 4982 578 4910 968 4903 2928 4950 3541 4996 3236 4949 4033 4949 4528 4998 3151 4950 3394 4992 4626 4985 3013 4915 1106 4968 2770 4879 3369 4965 1620 4989 3863 
4997 3598 4991 3515 4983 2272 4960 1631 4995 1422 4968 3548 4982 2381 4995 2371 4990 1887 4952 4874 4999 3061 4988 3692 4940 2043 4940 387 4934 128 4968 4707 4917 3682 4947 899 4958 1695 4958 
1025 4967 668 4892 4694 4961 4353 4984 2152 4942 1355 4982 923 4984 4060 4939 4921 4901 4703 4939 2222 4983 2833 4916 2068 4915 2448 4997 3288 4956 4429 4948 3908 4933 3310 4951 4386 4956 842 
4966 4311 4992 4604 4978 431 4942 962 4995 3441 4961 1072 4978 3626 4857 3025 4986 3750 4949 1384 4962 2974 4897 293 4901 2690 4918 3565 4891 1781 4953 1487 4912 980 4936 1584 4997 2105 4934 
2208 4805 676 4982 3172 4902 4001 4943 4297 4968 3562 4981 2191 4902 1407 4984 3777 4975 2497 4988 990 4970 3431 4971 3355 4965 1063 4989 4529 4942 1026 4992 477 4866 1183 4908 4150 4949 3827 
4913 4144 4897 1107 4900 4828 4974 2659 4959 1862 4992 2710 4828 3495 4928 4005 4983 3818 4999 1234 4987 1528 4990 3811 4975 2660 4923 1664 4973 4745 4974 1861 4906 856 4990 4841 4989 1727 5000 
4452 4850 893 4900 886 4863 1143 4965 1542 4971 652 4929 1442 4934 1808 4932 3210 4926 764 4959 3695 4918 4622 4939 3683 4969 592 4994 1585 4965 1367 4982 3942 4986 21 4920 3909 4976 3500 
4913 2281 4958 1218 4959 2587 4939 1774 4882 715 4986 60 4924 1580 4911 3824 4894 1817 4956 1988 4904 4674 4911 1296 4885 3650 4918 99 4943 78 4984 3401 4984 4209 4986 4196 4939 3795 4965 
4462 4936 2177 4965 1623 4919 1346 4991 2281 4918 3373 4979 4700 4898 4309 4944 751 4949 1369 4980 3932 4959 3001 4956 3556 4990 222 4962 1029 4938 2042 4998 78 4888 4242 4983 882 4987 2111 
4941 1145 4986 1591 4957 570 4985 1185 4929 229 4929 2952 4988 1254 4998 2540 4982 4237 4967 4099 4961 3758 4909 164 4909 2299 4990 2112 4913 3817 4901 877 4969 4922 4987 38 4997 1999 4966 
2383 4904 4602 4941 4316 4989 4022 4972 835 4996 172 4988 34 4845 3712 4990 1372 4868 3172 4970 1406 4951 709 4996 589 4928 4250 4914 2177 4884 4456 4940 4790 4971 1203 4983 4861 4959 4061 
4949 1307 4946 2744 4956 1742 4906 3740 4934 1676 4936 2560 4985 3691 4971 674 4933 2067 4990 1568 4986 4824 4934 837 4947 2941 4941 1573 4940 4376 4972 4186 4966 1495 4976 1526 4993 277 4987 
35 31
1302 4966 4458 4968 4222 4969 1959 4998 787 4918 4906 4913 3336 4959 4709 4976 3891 4864 1050 4861 3716 4979 61 4913 2585 4853 1525 4936 4625 4987 2783 319 97 129 3370 
4983 87 4966 181 4983 1905 4990 4126 4929 3214 4952 2467 4970 2140 4960 3063 4902 4248 4979 3217 4908 2344 4915 629 4902 2848 4970 3615 4797 4779 4898 3714 1273 4274 33 
4818 4974 2354 4871 1160 4981 908 4932 605 4947 4315 4980 4367 4940 169 4939 4384 4962 3513 4973 2607 4974 1493 4994 99 4776 4159 4832 4497 4601 2350 3268 1821 10 3694 
4926 3068 4999 4909 4998 3748 4980 4590 4996 751 4927 2985 4924 3793 4957 4550 4880 4189 4894 2374 4939 3725 4955 3187 4993 2944 4894 1877 4344 1587 4521 4790 4140 3436 10 
1941 5000 3326 4991 1781 4969 3846 4895 1013 4928 726 4985 4452 4968 4272 4979 2627 4988 2197 4985 3722 4945 1794 4946 3601 4980 159 4922 2444 4268 2721 4176 1623 4842 746 
4949 3568 4962 1665 4934 3699 4955 1191 4980 2069 5000 2773 4975 4408 4979 3779 4873 2555 4953 860 4921 1993 4870 3405 4884 107 4946 4681 4994 336 4971 1636 4919 3898 4954 
3164 4841 2661 4923 612 4949 2873 4996 1742 4956 956 4965 3069 4892 4265 4943 3983 4948 2313 4927 4670 4933 1084 4994 3936 4987 4155 4966 1437 4882 200 4904 3771 4919 2914 
4986 1064 4965 1790 4908 1151 4905 1871 4972 3820 4972 1631 4963 1577 4975 4904 4932 2221 4978 2638 4956 241 4982 2254 4987 119 4945 762 4968 2147 4954 204 4968 1618 4978 
1618 4994 2826 4980 1209 4981 2321 5000 3104 4955 459 4966 3178 4972 4968 4885 822 4974 3337 4970 1557 4906 4833 4935 643 4942 2814 4938 584 4959 1403 4954 390 4980 781 
4967 1261 4970 393 4946 3162 4950 1313 4960 3344 4970 1048 4914 3784 4981 4678 4853 1831 4977 1636 4942 3604 4984 1764 4987 395 4857 4475 4937 1742 4938 825 4968 704 4942 
40 4964 4378 4890 3632 4924 3673 4974 146 4894 3491 4993 107 4924 4244 4987 589 4934 34 4977 1837 4935 823 4909 1738 4893 3836 4999 4513 4944 1516 4919 1344 4968 3122 
4973 4833 4978 4956 4898 3878 4940 3603 4893 782 4980 2270 4997 1936 4984 4553 4991 1557 4975 2985 4984 898 4986 2871 4931 2062 4936 1272 4917 574 4980 3900 4988 2470 4951 
1516 4982 591 4964 4777 4851 1789 4971 49 4957 499 4940 2373 4884 3107 4984 1444 4993 4128 4979 972 4994 2069 4951 3426 4972 2264 4961 466 4980 1946 4958 1260 4964 563 
4943 80 4916 4518 4906 1835 4990 2770 4951 1861 4979 4367 4985 3955 4923 2344 4960 3540 4936 4042 4952 4668 4902 2461 4907 2766 4970 4005 4918 4079 4892 1208 4972 4398 4896 
2319 4982 2625 4951 2647 4949 539 4981 3656 4902 3476 4904 95 4977 2828 4980 1658 4998 2002 4941 2335 4970 2857 4914 2049 4930 3966 4972 987 4916 2422 4999 601 4904 215 
4987 2451 4937 1824 4989 3442 4946 2225 4969 3463 4921 3306 4985 1825 4921 1619 4987 3047 4948 2928 4970 2369 4961 2164 4945 2217 4979 4026 4992 4496 4968 3106 4978 224 4953 
2419 4849 849 4953 1332 4998 1481 4953 2147 4976 2166 4992 3813 4965 4869 4916 2952 4973 2872 4996 4513 4997 3573 4981 1953 4882 223 4964 561 4993 4128 4965 693 4867 426 
4914 1951 4881 4963 4979 1951 4965 525 4928 2512 4952 635 4951 1645 4956 1842 4925 608 4919 2577 4919 950 4992 2342 4879 2394 4898 4403 4908 844 4982 3481 4967 4949 4993 
3503 4944 1803 4934 3033 4983 4511 4928 2902 4949 4221 4915 2108 4993 1672 4981 3064 4992 2188 4954 2908 4994 3608 4976 4168 4953 2585 4920 3908 4818 4835 4950 122 4956 16 
4910 3035 4982 2056 4905 449 4983 74 4987 4027 4979 541 4968 4927 4925 4824 4936 2083 4972 4676 4975 106 4994 2519 4974 3084 4917 340 4896 4425 4996 1703 4967 1380 4898 
4482 4946 3815 4908 300 4909 2537 4936 1136 4951 3528 4926 3777 4951 4874 4910 3022 4848 1219 4979 1513 4989 164 4976 1876 4950 3435 4952 1043 4991 2950 4992 4405 4901 3420 
4965 476 4965 3702 4991 2112 4997 2261 4952 4334 4976 3897 4961 2744 4986 513 4932 3580 4941 4776 4904 1863 4867 4049 4990 2417 4923 515 4965 1729 4898 2320 4991 1672 4914 
3875 4949 2512 4987 1850 4925 2025 4935 2118 4922 152 4976 2843 4959 390 4865 1892 4958 2823 4986 3415 4943 1093 4981 1977 4908 2260 4953 1298 4914 2090 4978 1168 4945 1063 
4981 4476 4957 981 4933 1328 4967 820 4968 3401 4997 4985 4965 3085 4990 1403 4981 3034 4975 855 4923 4802 4904 2451 4943 1402 4967 490 4990 1217 4985 587 4960 2162 4927 
1789 4922 3427 4995 2765 4908 402 4900 1718 4978 3509 4935 2313 4979 2279 4966 261 4984 3502 4989 4864 4916 3917 4956 3998 4985 4223 4990 3055 4978 250 4929 3895 4966 1148 
4968 2930 4981 3903 4941 857 4992 2779 4910 4934 4940 3576 4993 917 4996 414 4984 1261 4980 3302 4940 227 4908 2728 4939 2571 4971 237 4997 63 4899 925 4988 1351 4998 
4869 4932 1548 4960 519 4959 3508 4996 4082 4971 3314 4944 4876 4996 3735 4873 3455 4993 4635 4985 1750 4899 420 4936 4995 4992 4040 4990 3860 4895 3137 4899 1523 4919 2072 
4961 385 4899 3746 4863 290 4897 3325 4975 4989 4996 4806 4958 4981 4920 3944 4972 1939 4974 1533 4960 4844 4950 638 4958 3856 4944 1720 4965 3451 4992 163 4936 3518 4998 
671 4951 4023 4988 1494 4916 4117 4991 694 4991 3520 4966 242 4956 2438 4890 4042 4977 2192 4930 2200 4930 456 4957 1782 4935 1990 4941 2645 4921 3744 4995 4558 4979 2216 
4966 2327 4937 4200 4970 4362 4915 1100 4894 1567 4939 995 4970 1648 4931 4414 4966 3260 4899 2286 4969 4481 4997 1666 4976 1960 4916 2249 4850 3992 4938 3659 4979 1672 4993 
4668 4939 1671 4966 830 4936 696 4897 2958 4973 4259 4959 3998 4943 150 4892 2192 4982 2377 4960 2027 4979 629 4978 3699 4950 3450 4990 2750 4886 3795 4854 4726 4994 725 
32 36
3171 4920 3041 4942 4874 4932 3909 4988 2389 4976 795 4984 2591 4904 2389 4948 203 4997 2319 4992 1734 4870 1187 4968 2292 4951 2645 4994 1293 4966 1037 4956 
4939 2621 4938 3026 4950 3566 4948 1044 4997 989 4932 4032 4938 374 4924 2874 4940 807 4901 999 4984 1225 4978 1716 4929 2337 4974 2952 4949 663 4920 274 
3236 4921 1756 4916 3533 4947 4130 4955 3460 4951 1755 4942 2683 4923 2348 4921 2682 4910 4064 4993 1592 4980 4080 4996 853 4863 1251 4905 29 4905 2132 4991 
4912 4457 4979 1237 4970 113 4931 4246 4923 3632 4966 3966 4898 2417 4949 3961 4904 1943 4976 4225 4987 1383 4990 1478 4862 602 4942 4546 4957 4165 4970 4631 
1157 4993 1161 4996 4952 4967 13 4967 4325 4970 3701 4965 2747 4913 3665 4977 1221 4941 1455 4994 1761 4926 297 4994 1203 4966 2226 4942 4936 4987 1546 4963 
4961 2169 4916 4072 4940 1375 4936 4687 4990 1383 4885 620 4887 2245 4973 1183 4979 4314 4956 212 4961 1471 4990 43 4984 93 4972 4665 4994 4461 4980 465 
4696 4941 3258 4965 2811 4998 1013 4954 1488 4989 241 4944 1315 4979 424 4979 3987 4951 3135 4946 946 4937 1768 4877 996 4966 3359 4952 3456 4886 322 4990 
4993 250 4942 821 4962 1927 4951 1151 4941 1892 4909 4407 4997 2702 4963 3912 4974 1157 4991 4052 4958 934 4996 659 4908 461 4931 4786 4903 1331 4980 3743 
1291 4913 1659 4987 726 4951 550 4977 981 4961 3702 4991 1727 4935 2915 4946 405 4860 3223 4955 1497 4982 446 4968 808 4948 2467 4991 4052 4973 2892 4971 
4940 1202 4959 4631 4887 2473 4927 2777 4956 1924 4964 4902 4956 1385 4934 4980 4880 3194 4951 4216 4940 1942 4947 1452 4929 2272 4987 467 4966 2503 4976 4756 
383 4937 2077 4982 4004 4968 1051 4906 3649 4983 806 4959 2319 4951 981 4940 3161 4960 3265 4976 3536 4943 258 4976 1260 4998 3204 4921 4381 4934 4633 4949 
4984 2908 4973 1531 4956 1670 4969 888 4961 269 4938 3431 4981 4798 4993 1808 4928 4030 4924 3018 4918 2209 4868 4696 4942 1569 4973 1464 4980 4729 4914 2890 
2251 4977 2177 4986 4172 4955 1194 4959 2199 4966 1191 4946 3224 4966 530 4902 1002 4955 1322 4969 3510 4976 5000 4965 420 4919 2577 4947 3346 4994 691 4994 
4944 1775 4877 81 4957 2020 4902 223 4919 1242 4947 2007 4972 1922 4967 1676 4973 3251 4981 1735 4964 3361 4971 2415 4957 3164 4985 1774 4966 755 4988 4158 
4629 4958 2469 4957 1739 4952 2524 4902 2971 4914 1382 4941 2778 4980 1161 4978 1099 4975 3314 4960 830 4850 972 4886 3723 4874 4486 4895 304 4914 286 4988 
4981 4497 4898 186 4898 1489 4992 2213 4947 2912 4998 4268 4982 3662 4932 601 4988 723 4944 4524 4995 3155 4990 790 4971 2507 4996 448 4865 2747 4857 1058 
3415 4970 1210 4984 1236 4958 494 4907 1081 4954 2050 4930 1569 4953 3726 4972 2244 4992 737 4886 3827 4927 1783 4989 1327 4935 4660 4936 1269 4889 1883 4990 
4941 1558 4869 4982 4960 1183 4968 3485 4886 910 4951 3023 4938 3917 4984 1645 4934 3486 4993 1223 4976 3883 4935 2705 4990 3311 4957 4927 4927 1808 4933 4187 
3637 4992 2959 4910 1532 4989 2915 4945 527 4996 3874 4997 2180 4979 627 4960 1255 4973 4643 4913 365 4962 3778 4956 111 4922 4506 4961 4644 4941 1726 4929 
4910 447 4910 22 4963 4333 4999 2650 4980 2906 4932 1587 4971 1293 4963 938 4851 549 4957 4995 4991 1960 4969 4680 4877 1972 4884 1174 4955 437 4975 788 
904 4906 223 4993 843 4917 2918 4988 3719 4927 60 4974 16 4976 4244 4956 4617 4946 1185 4950 262 4969 1512 4969 2939 4915 1441 4913 1310 4976 4104 4877 
4965 3865 4993 1079 4968 4778 4954 2180 4968 193 4995 4479 4931 1826 4921 3675 4982 3649 4933 1916 4993 2807 4896 1168 4987 1442 4855 87 4988 1332 4995 329 
3101 4910 1428 4937 1089 4999 171 4914 860 4932 4127 4951 2727 4974 4091 4979 2696 4978 3776 4876 619 4903 4890 4987 1316 4982 4964 4972 3236 4955 1376 4984 
4990 1657 4956 1874 4926 1758 4994 608 4932 156 4948 140 4981 3481 4980 406 4911 4428 4952 3284 4915 799 4935 2500 4962 945 4980 4864 4964 3028 4979 1477 
75 4947 4011 4936 2779 4950 3299 4950 2044 5000 1026 4925 3243 4987 3990 4979 998 4988 665 4939 2297 4999 1444 4972 828 4992 4998 4967 4558 4977 1037 4992 
4899 4881 4951 2661 4969 2486 4937 363 4975 4648 4975 1649 4985 1787 4962 626 4978 3140 4952 388 4921 3677 4906 1730 4847 1804 4914 2367 4955 1914 4942 2111 
2509 4986 1013 4928 1207 4927 1927 4964 218 4960 4707 4962 898 4986 3266 4970 4825 4908 2444 4909 4080 4994 85 4970 1418 4913 3275 4908 4317 4939 1524 4896 
4914 483 4880 1568 4967 2726 4973 4974 4965 2574 4933 247 4972 3344 4944 936 4930 3260 4973 2372 4945 1780 5000 4784 4837 377 4928 3306 4965 1445 4971 1079 
1435 4996 2475 4964 1785 4943 2877 4932 1523 4973 1313 4984 778 4970 550 4910 534 4875 2538 4922 1724 4941 309 4934 4942 4925 1254 4980 3925 4983 525 4862 
4996 3081 4931 1061 4955 3075 4995 1327 4976 288 4990 1028 4986 4803 4993 4689 4820 1965 4913 4899 4924 4517 4987 3925 4917 4509 4941 2258 4962 3260 4958 2972 
4833 4924 131 5000 2394 4991 1055 4988 4531 4989 1060 4879 4386 4943 2715 4949 1233 4890 4151 4928 725 5000 3147 4956 566 4918 1545 4959 3904 4988 3568 4934 
4977 36 4967 3020 4989 2790 4910 3146 4965 4202 4898 3622 4928 3449 4823 637 4754 1408 4978 3507 4913 4774 4991 2804 4973 1911 4987 57 4937 4854 4905 4540 
4642 4967 3273 4986 4679 4913 177 4955 1974 4995 4317 4930 235 4854 324 4849 3470 4690 2951 4933 4347 4886 3491 2967 4344 33 4636 4959 2300 4972 3489 4900 
4919 1969 4920 1899 4952 2544 4938 2703 4924 509 4890 1981 4985 1241 4833 4021 4615 3006 4972 2618 4897 4717 3606 2259 129 3649 4903 1628 4996 2664 4997 840 
2925 4930 865 4933 765 4979 1128 4944 4502 4906 4888 4983 156 4875 2460 4838 2907 4563 3952 4987 1376 4977 1045 2049 2437 10 689 4979 2208 4952 1049 4996 
4907 2603 4926 2722 4983 3300 4949 2319 4911 960 4967 3276 4965 4646 4974 4857 4528 2917 4948 3628 4515 3156 4287 1291 513 1886 10 1331 4993 811 4971 1298 
