8
10 29
2139 3956 3569 3975 987 3919 3240 3985 388 3989 
3926 2247 3975 187 3917 3441 3962 3598 3957 2117 
1452 3999 2945 3903 1025 3962 57 3919 539 3921 
3910 2818 3959 1991 3954 901 3915 2337 3967 615 
3469 3979 2740 3995 1531 3993 1762 3973 2262 3928 
3938 1088 3993 2334 3912 360 3993 1396 3989 740 
3179 3986 619 3986 1621 3931 2250 3976 2726 3967 
3960 60 3947 3104 3937 3442 3935 3679 3991 3722 
385 3960 1404 3995 2833 3982 2456 3988 1184 3926 
3956 3607 3943 3644 3980 506 3975 431 3999 745 
2625 3927 2304 3926 1027 3956 2293 3910 1514 3970 
3971 3458 4000 1823 3988 1790 3980 3549 3901 974 
3290 3997 2421 3887 337 3948 2196 3893 537 3976 
3947 86 3913 623 3999 2981 3984 1075 3931 731 
3404 4000 2347 3973 2654 3985 3561 3999 3405 3948 
3925 3671 3914 2814 3878 2574 3968 1892 3920 3282 
2831 3946 2739 3907 1303 3978 1295 3999 2787 3939 
3929 260 3924 960 3929 1277 3968 2026 3947 438 
537 3997 206 3651 2120 3954 1916 3993 3564 3976 
3968 2580 3837 3197 3929 2207 3992 1001 3986 3643 
3424 3758 3624 3929 1250 3941 3348 3995 2694 3989 
3348 3805 3759 3637 3984 350 3974 845 3947 1110 
425 3964 2862 3832 2495 3925 179 3974 3839 3994 
3964 473 3965 2143 3979 2924 3982 3149 3943 546 
3826 3977 3000 3939 2367 3983 1790 3899 3998 3969 
3417 1741 3871 498 3948 2554 3993 3131 3973 980 
2602 513 1013 3888 1615 3920 753 3995 2754 3929 
2577 3417 129 3169 3945 1692 20 3193 3983 1290 
3040 2049 1844 33 3990 20 372 3975 2156 3981 
19 2
2049 3979 2107 2172 2765 2672 3810 909 3983 2901 3735 3924 3596 3278 3979 2925 3744 2028 3864 
1994 513 418 129 858 33 1544 20 130 20 1171 3593 751 3912 2642 3925 2028 3865 199 
8 20
3355 3960 2397 3997 1527 3964 3940 3940 
3953 394 3987 73 3997 3563 3926 3016 
2968 3953 2271 4000 27 3969 131 3968 
3969 1087 3996 1364 4000 1998 3992 3233 
1836 3952 1566 20 1686 3970 838 4000 
3995 2733 3915 1097 20 3908 2049 1757 
359 3992 2738 3953 1511 513 1363 2340 
3943 2332 3945 720 33 2632 129 847 
2907 3935 3061 3982 2180 3961 627 3629 
3996 2628 3945 84 3948 358 3952 3755 
1355 3931 792 3945 3571 3925 2236 3565 
3970 2570 3988 2907 3924 2886 3997 1384 
3201 3921 3554 3941 3431 3986 1849 3490 
3887 279 3990 3141 3983 1630 3511 1570 
1183 3995 354 3999 3094 3981 91 3972 
3981 2734 3971 2078 3941 2203 3978 732 
2428 3897 3345 3936 901 3830 2441 3639 
3883 327 3948 2347 3838 582 3787 347 
1337 3954 2762 3982 2693 3865 1413 3995 
3844 189 3843 3866 3938 2382 3762 3613 
3 13
2025 20 1832 
513 2952 20 
533 129 2747 
1516 2297 33 
1164 3112 3748 
3733 1336 3223 
2876 3059 2562 
3654 1357 3456 
3899 3524 1481 
3841 22 3842 
2456 3856 3825 
3717 3118 3867 
3561 3971 1821 
20 29
3981 1452 3961 699 3989 2212 3993 1456 3941 3330 3978 3849 3979 2985 3983 1202 4000 1322 3925 331 
2324 3943 3060 3965 1176 3916 952 3935 3366 3964 3263 3938 1878 3937 3427 3886 750 3949 701 3903 
3965 168 3906 2422 3961 2366 3996 2468 3959 2279 3965 1990 3953 2422 3970 196 3971 1006 3976 3279 
1744 3988 2618 3987 2950 3962 2792 3935 521 3957 2018 3950 2173 3967 3362 3942 2858 3987 519 3960 
3922 1763 3997 3486 3980 3873 3945 952 3996 1699 3949 720 3973 160 3952 1106 3976 1611 3985 3244 
859 3960 3397 3951 3286 3980 962 3981 248 3989 2742 3934 2156 3931 736 3961 1528 3956 3249 3916 
3948 2412 3985 2072 3960 2071 3960 3043 3954 3634 3988 3757 3961 3816 3923 707 3989 2959 3991 1805 
2089 3994 225 3984 2848 3996 2844 3974 2198 3939 320 3966 2085 3943 673 3903 3570 3905 3763 3965 
3936 283 3989 3631 3940 1981 3986 3029 3958 3339 3930 1934 3899 2573 3947 3040 3995 2914 3967 137 
2415 3956 2088 3938 442 3871 73 3869 2453 3982 748 3958 1440 3980 922 3955 891 3990 353 3946 
4000 1397 3976 3795 3956 1872 3902 3138 3983 323 3987 67 3987 3313 3975 604 3991 459 3990 2056 
2374 3982 1413 3880 1866 3963 2161 3979 282 3966 2437 3929 1093 3966 682 3997 2680 3988 2966 3968 
3973 2938 3965 996 3967 2501 3964 941 3978 1288 3898 2821 3988 1024 3977 3691 3973 3367 3963 3348 
3269 3945 1397 3907 3302 3922 2332 3981 2539 3966 554 3962 1786 3914 3218 3933 800 3989 710 3989 
3946 3218 3895 308 3899 2619 3903 131 3906 2486 3994 1944 3988 1479 3981 3282 3986 3491 3952 3474 
3084 3966 2340 3991 549 3864 767 3835 1993 3958 3847 3903 3951 3783 3726 3854 972 3943 2142 3978 
3965 1052 3944 3769 3992 809 3971 190 3952 3999 3127 1313 3927 2530 3578 2058 3791 3720 3926 2459 
1857 3938 787 3964 2571 3947 695 3937 3561 3919 2636 3364 624 3400 2707 3724 402 3971 1605 3964 
3883 3368 3926 1218 3946 518 1531 2434 3687 706 3843 3731 20 749 3481 1834 3778 3334 3988 2469 
594 3995 1146 3940 1344 513 1454 129 1759 33 1729 20 3730 3993 3461 3979 1318 3945 2873 3947 
3988 516 3970 1125 3993 1695 3941 1540 3973 1747 3950 3866 3978 922 3999 386 3976 2577 3924 3456 
2839 3971 1385 3967 3083 3941 41 3941 2134 3931 2529 3986 316 3888 1388 3981 2005 3970 1087 3987 
3997 1131 3959 2920 3948 2253 3956 1163 4000 678 3997 2375 3945 3468 3994 2432 3997 568 3935 107 
2049 3941 1451 3957 362 3944 2140 3983 1863 3989 892 3937 918 3972 1271 3953 1740 3992 695 3926 
3965 1962 3998 2216 3996 2521 3926 2123 3890 848 3995 3145 3930 2304 3941 781 3994 1441 3942 1897 
1114 3998 3208 3857 64 3906 2137 3963 3070 3973 1567 3974 1113 3954 3811 3956 2543 3957 262 3958 
3975 1441 3988 112 3988 1884 3953 2065 3920 2264 3978 705 3975 2119 3893 839 4000 3229 3996 408 
373 3994 3888 3990 1477 3934 3975 3967 1685 3986 833 3977 1043 3936 2576 3975 2349 3995 3029 3974 
3962 3959 3954 2869 3961 278 3955 2174 3890 736 3903 92 3977 2658 3927 1487 3927 3895 3948 2004 
26 25
3938 1088 3997 3464 3903 3109 3967 3057 3900 906 3937 1515 3920 1383 3866 1304 3955 187 3924 2931 3997 3676 3947 1208 3995 432 
1456 3872 3993 3955 2963 3986 1839 3990 3307 3966 3365 3911 1983 3953 1943 3971 179 3943 953 3957 1526 3958 1421 3947 680 3994 
3951 716 3989 3566 3943 1756 3957 3416 3913 1658 3930 776 3995 935 3983 2841 3977 3322 3939 3146 3910 1654 3984 2091 3972 1666 
1268 3978 645 3977 755 3983 575 3985 1871 3988 3465 3853 3293 3949 3458 3971 657 3977 2809 3958 3188 3962 3382 3970 651 3974 
3858 3855 3935 2049 3966 2129 3992 143 3965 3926 3951 3765 3924 872 3941 3804 3917 2874 3956 700 3997 194 3946 1817 3948 2408 
333 3985 3782 3967 1837 3971 1868 3977 2825 3968 3078 3958 918 3995 647 3941 1696 3933 3521 3988 239 3931 3746 3900 1268 3979 
3988 1755 3994 3297 3988 2608 3943 3465 3994 3146 3916 2964 3948 761 3966 3869 3924 2205 3945 2037 3973 1708 3943 1259 3981 2207 
1161 3913 1884 3999 542 3988 1270 3931 1262 3971 3295 4000 455 3963 2331 3909 70 3968 33 3917 903 3966 2620 3960 2022 3975 
3999 1142 3951 142 3943 3731 3927 1955 3972 3887 3936 375 3901 2646 3918 3899 3967 3027 3953 269 3917 873 3988 3272 3928 1540 
3557 3960 1969 3999 2134 3943 2363 3878 251 3935 2841 3902 464 3938 2852 3947 3623 3981 3494 3984 3284 3958 2553 3995 3278 3948 
3931 1407 3986 3584 3960 819 33 1420 20 2517 3982 41 3953 2765 3994 2239 3956 2221 3921 190 3947 1799 3975 3076 3917 3977 
923 3980 230 2750 2787 129 2431 513 732 20 2940 3982 1713 3894 2018 3997 2549 4000 1792 3900 3840 3933 3755 3921 1168 3987 
3994 1679 3951 3866 2305 1792 2049 1935 3996 1049 3960 1904 3963 3073 3976 3273 3977 2140 3988 2928 3955 369 3961 2802 3925 2908 
378 3956 2154 3566 3718 3955 2701 3983 2453 3988 1577 3990 704 3924 268 3926 725 3958 1045 3981 1447 3896 2726 3969 2162 3978 
3922 3861 3637 3506 3946 2074 3984 2532 3917 3182 3969 2398 3925 343 3935 2087 3995 3469 3964 1736 3953 2687 3941 3522 3933 376 
3801 3962 2707 3623 3583 3919 2544 3954 1966 3984 1233 3983 961 4000 2753 3998 1067 3954 1896 3906 1271 3988 2492 3959 281 3909 
3935 2278 3751 1436 3925 3019 3963 1174 3993 3375 3965 787 3987 1651 3988 1983 3991 1250 3999 2195 3990 1620 3943 2720 3960 67 
745 3936 1912 3767 1062 3932 2834 3940 1594 3972 662 3963 625 3939 3314 3937 2097 3992 3751 3974 2983 3937 3931 3996 2561 3977 
3932 1977 3928 663 3973 3567 3965 373 3932 101 3972 961 3955 2049 3931 842 3969 3483 3995 2349 3966 78 3951 720 3994 1827 
284 3963 3444 3795 3874 3951 3072 3994 1648 3981 2083 3978 2273 3945 1339 3916 1744 3935 641 3964 50 3967 1436 3949 1162 3972 
3986 2280 3976 3299 3707 1999 3844 1354 3897 1685 3974 3268 3952 104 3966 2979 3979 3569 3948 2557 3886 1740 3909 3008 3935 1068 
3149 3951 3832 3991 3512 3866 2471 3855 3284 3953 3523 3981 2695 3946 466 3918 694 3979 27 3921 1724 3934 2474 3951 2649 3991 
3897 242 3961 485 3832 1162 3860 1604 3903 805 3935 1543 3950 2166 3957 369 3957 3129 3967 715 3904 2895 3996 1074 3961 1676 
3321 3972 2535 3919 2514 3846 3979 3905 193 3914 2842 3979 3445 3966 798 3979 2498 3971 361 3977 226 3948 268 3967 1357 3936 
3885 3590 3977 1967 3859 3952 3918 2337 3963 1053 3977 3542 3945 86 3945 524 3950 3100 3967 1616 3976 633 3992 2033 3968 3382 
25 7
3660 3879 2099 3771 1451 3745 1727 3716 756 3668 953 3969 597 3975 280 3975 3687 3957 3654 3932 3484 3965 2806 3936 1054 
3957 3304 3835 2609 20 93 129 618 3681 2378 3971 2541 3929 347 3929 2902 3954 2392 3947 930 3965 3465 3987 2083 3942 
2555 3856 2428 3891 789 33 417 3713 3161 3968 1088 3888 2133 3918 1243 3951 3862 3964 2271 3974 273 3912 2089 3963 1959 
3887 697 3846 1228 20 114 513 1794 2049 1096 2453 3107 3976 746 3957 769 3957 1492 3977 542 4000 168 3968 1914 3984 
3957 3826 3806 3903 1118 3915 1586 3925 3800 2985 1919 3498 925 3976 1135 3969 758 3989 1269 3923 411 3969 51 3969 2719 
3954 2700 3998 2380 3891 976 3951 2895 3952 2183 3240 2527 3446 1583 3976 831 3950 1710 3980 262 3952 3944 3939 2299 3948 
3936 3970 2305 3997 818 3884 2211 3958 1527 3956 716 3972 2626 3973 2104 3976 722 3979 253 3935 1684 3962 1498 3956 1939 
18 25
1316 513 3056 33 2436 3854 2123 3860 1492 3945 2063 3992 343 3847 2628 3961 1196 3975 
2049 3130 129 2541 3979 1056 3900 3053 3911 2741 3988 1292 3836 1086 3962 409 3962 345 
2553 2820 1735 20 2225 3843 2671 3958 2056 3958 1844 3948 1919 3893 2089 3951 3709 3978 
3768 1922 3326 3055 20 3420 3909 1350 3979 989 3990 3231 3949 26 3951 829 3996 2903 
329 3533 1961 3579 179 3996 791 3997 727 3942 3202 3853 3161 3891 1767 3910 2016 3901 
3783 1213 3981 2127 3945 3247 3922 3031 3977 3884 3913 3013 3993 2250 3971 3772 3976 3476 
3638 3926 1424 3894 1782 3961 357 3990 2062 3979 381 3910 1487 3971 261 3959 171 3959 
3926 2261 3926 63 3958 1289 3897 1228 3978 1152 3968 676 3956 1388 3949 845 3978 2713 
3872 3873 1106 3920 2938 3979 3036 3986 850 3980 1788 3974 1453 3986 2102 3950 994 3930 
3988 1409 3954 3282 3985 2756 3999 2597 3962 3677 3955 3917 3988 2376 3960 526 3932 1643 
511 3957 761 3952 1788 3921 2916 3997 1029 3941 3776 3936 758 3940 2828 3981 1841 3985 
3990 448 3931 3208 3987 1654 3968 2381 3992 3899 3946 2095 3994 1781 3940 3459 3994 3076 
3416 3906 795 3892 1176 3939 738 3908 1095 3931 2042 3994 1116 3999 2829 3999 3524 3976 
3906 3533 3958 449 3968 2379 3989 2932 3957 743 3944 49 3993 3213 3970 2782 3892 2239 
961 3960 1170 3932 30 3992 1108 3922 686 3878 965 3993 426 3995 3605 3968 2606 3987 
3934 3875 3970 2263 3955 3585 3992 1816 3984 3361 3971 3859 3986 2791 3941 3246 4000 1880 
1565 3915 697 3901 1190 3935 3864 3938 3341 3974 1892 3971 3502 3933 2975 3932 3489 3988 
3976 1620 3952 3948 3893 760 3956 1928 3986 2840 3998 3764 3945 1909 3993 1016 3976 3922 
1241 3956 2335 3946 3375 3895 3117 3964 1730 3940 1687 3916 435 3901 3278 3991 3902 3972 
3876 1523 3961 3299 3935 228 3937 282 3938 3094 3961 3838 3946 490 3925 929 3977 1850 
2658 3960 3254 3905 886 3970 2438 3977 2693 3930 717 3950 1489 3964 2830 3907 2729 3956 
3968 3027 3996 3452 3968 3430 3953 1133 3992 3232 3967 974 3972 43 3911 2384 3933 557 
3887 3996 3360 3894 1916 3867 1513 3930 1476 3980 3473 3925 3336 3918 1263 3988 2984 3973 
3977 2318 3999 947 3950 3093 3980 882 3965 803 3919 697 3947 3922 3934 1111 3932 2822 
3402 3967 3729 3981 2905 3976 2568 3965 310 3965 608 3944 424 3965 1079 3924 346 3981 
