6
23 26
4866 128 4924 256 4912 512 4971 4096 4962 65536 4993 4096 4954 4096 4959 32 4973 8192 4911 32768 4979 512 4996 
64 4971 4 4924 128 4912 4096 4999 64 4892 8192 4985 1 4962 65536 4974 65536 4999 8192 4976 1 4930 16 
4950 4096 4908 16 4984 128 4906 65536 4921 16 4929 512 4962 256 4968 8 4953 128 4890 64 4864 8 4946 
32 4935 32768 4933 128 4946 16 4971 8 4971 16 4879 256 4911 64 4953 1024 4952 512 4992 128 4913 32 
4938 4096 4994 8 4933 32 4955 8 4955 2 4999 16384 4826 32768 4980 64 4999 2 4903 2048 4864 128 4946 
8192 4945 1 4984 16 4968 512 4981 256 4955 1 4995 256 4947 1024 4918 2048 4982 8192 4995 2 4998 32 
4865 128 4942 4 4903 128 4981 4 4981 8 4995 512 4870 65536 4980 8192 4948 8192 4946 1 4964 64 4864 
4096 4959 16 4981 32 4959 512 4981 128 4995 64 4914 8 4978 1 5000 16384 4955 32 4974 256 4980 1024 
4983 256 4981 8 4981 32768 4981 64 4970 1 4970 8192 4964 1 4937 128 4961 4096 4975 2048 4964 256 4943 
64 4929 8 4958 16384 4932 4096 4957 4096 4928 16 4959 32768 4932 8192 4886 8192 4999 512 4947 16 4998 1024 
4948 1024 4963 512 4990 8 4981 1024 4928 4 4969 4096 4932 1 4998 4096 4971 64 4981 16384 4957 65536 4890 
1024 4985 4096 4980 4096 4883 8192 4862 16384 4983 32768 4998 2 4953 8192 4961 2 4943 4096 4936 4 4991 32 
4965 2048 4908 16 4950 4 4950 1024 4951 32768 4936 16384 4996 2 4991 2 4971 1024 4927 512 4981 8 4978 
32768 4958 8 4958 2 4999 16 4999 8192 4973 2 4926 4096 4953 8192 4901 2048 4889 1 4907 1024 4917 32768 
4920 65536 4920 2048 4951 2048 4954 64 4989 512 4973 65536 4963 16 4962 128 4941 8 4944 65536 4983 4 4888 
16 4920 32768 4950 16 4950 2048 4954 1024 4978 32768 4980 1024 4973 1024 4841 32768 4953 32768 4975 64 4984 32 
4999 1024 4848 32768 4971 32 4919 1024 4977 1 5000 2 4964 128 4973 1024 4996 1 4996 32 4885 1 4984 
1 4850 4 4980 8192 4950 512 4927 8192 4962 4 4997 2048 4976 1 4965 2 4996 256 4907 2048 4959 512 
4827 1 4849 128 4990 65536 4946 65536 4920 64 4962 8192 4943 2 4953 65536 4974 32 4974 8 4934 1 4959 
512 4819 512 4983 512 1025 1024 4921 1 4969 8192 4992 4096 4952 4096 4915 256 4974 32768 4997 8192 4910 8 
4739 65536 4993 2048 2049 128 513 8192 4968 1 4998 32768 4989 1024 4976 32768 4996 512 4951 8 4901 64 4976 
16 4774 8192 4097 4 65 16384 4925 32 4997 16384 4950 8 4915 2048 4953 8 4971 4 4929 1024 4976 2 
4739 1 4990 64 33 64 129 64 4951 32 4980 16 4982 8 4983 64 4971 8192 4976 128 4949 8 4976 
2048 4990 4 4097 16 20 1024 4972 8192 4907 32768 4940 32768 4999 2048 4971 1 4977 4096 4975 16384 4976 8192 
4738 32768 4941 64 4117 2 20 8192 4996 64 4957 512 4910 64 4953 65536 4948 8 4967 2048 4966 32768 5000 
8192 4940 1 4118 32 4117 1 20 8 4951 256 4996 128 4996 1024 4942 256 4943 65536 4931 2 4958 16384 
22 30
4974 2048 4880 128 4958 2 4857 1024 4954 128 4954 8192 4968 2 4999 32768 4940 32768 4993 8192 4952 2 
16 4972 64 4972 16 4958 8 4915 1 4998 1024 4953 2 4916 128 4964 2 4964 65536 4987 16384 4952 
4974 4096 4976 2048 4953 65536 4954 16 4998 65536 4932 16384 4967 256 4928 4 4989 1024 4996 64 4997 16 
8 4919 4 4895 2048 4930 4 4857 64 4989 16384 4954 16 4957 1024 4998 16384 4977 4096 4996 1 4893 
4983 16 4922 512 4969 128 4969 16 4944 8192 4873 2048 4932 8192 4963 8 4918 1024 4928 4 4985 8192 
128 4959 65536 4980 1 4969 4 4912 65536 4955 32 4901 16384 4987 16384 4974 16384 4889 32 4962 1 4978 
4895 32768 4953 64 4998 16384 4980 16 4991 128 4858 256 4978 16384 4981 1024 4967 8 4889 2 4978 32 
8192 4946 512 4944 64 4980 2048 4980 2048 4980 16384 4931 1 4999 2 4977 8 4993 32 4978 256 4978 
4861 16384 4902 2048 4912 2 4940 2 4999 32768 4946 64 4958 16384 4960 16 4977 8 4979 2 4941 65536 
16384 4991 16384 4920 4096 4998 8192 4999 2 4943 32 4943 256 4930 1024 4972 512 4977 8 4992 2048 4939 
4929 32768 4911 8 4984 1 4976 512 4999 8 4960 8 4979 8 4982 32768 4933 32 4940 1024 4966 16384 
8192 4973 8 4975 64 4991 32 4924 1024 4960 128 4955 4096 4886 1 4969 8192 4998 4 4966 64 4975 
4926 4 4984 4 4941 8192 4998 2 4999 64 4912 65536 4865 32768 4969 16 4916 8 4915 32768 4985 8192 
2048 4926 128 4941 32 4979 4 4912 16384 4970 16 4875 8192 4916 128 4896 256 4972 2048 4942 64 4972 
4880 32 4942 1024 4941 16384 4951 16384 4984 64 4942 16384 4991 8192 4936 1 4902 8 4937 512 4902 2048 
256 4942 2048 4991 64 4992 65536 4997 32768 4970 65536 4903 2048 4954 8 4936 65536 4943 64 4881 64 4933 
4999 16384 4908 256 4826 128 4942 256 4920 1 4985 2 4949 1 4944 32 4943 512 4943 256 4969 16384 
16384 4974 8 4942 256 4992 2 4989 32768 4985 32 4985 2048 4885 16 4884 512 4973 2 4976 16 4986 
4957 16 4957 512 4943 1024 4980 1024 4956 256 4974 32768 4965 1 4915 512 4911 16 4974 8192 4976 1024 
1 4942 128 4977 128 4977 1024 4907 16384 4974 1024 4945 1 4965 1 4965 1024 4973 128 4933 2048 4943 
4973 65536 4947 256 4944 1 4944 8192 4991 4096 4998 64 4965 16 4876 64 4998 8 4974 256 4934 512 
32768 4979 8192 4977 8 4944 64 4994 8 4966 32768 4931 4 4922 1 4904 256 4973 256 4974 8 4942 
4980 32768 4901 256 4962 4 4944 256 4991 32768 4962 32768 4956 4096 4907 32768 4997 128 4975 256 4933 512 
16384 4101 128 4994 128 4869 128 4915 64 4948 4096 4956 128 4942 16384 4996 4 4976 16 4975 2 4980 
4690 16 4100 16 129 8192 20 2048 4948 1024 4916 8192 4974 8192 4933 16384 4997 64 4975 1024 4897 1024 
512 4720 32 4099 16384 33 512 4930 512 4932 4096 4993 2048 4994 65536 4997 8 4997 128 4941 128 4903 
4706 64 4719 8 513 4096 20 65536 4931 1 4930 1 4996 2 4996 16 4998 1024 4947 32 4946 4 
256 4716 32 4097 1 1025 16 4964 32 4931 1024 4993 8192 4984 32768 4985 32768 4967 8192 4990 2048 4946 
4716 64 4720 256 4097 32 2049 1024 4946 64 4943 256 4945 1 4984 32 4884 8 4979 8192 4989 64 
8 4715 256 4728 128 4735 8192 4845 2048 4945 65536 4994 4 4945 128 4884 16 4923 1024 4928 1024 4989 
25 26
32 4980 1 4985 2048 4916 128 4988 8 4951 256 4979 8192 4976 8 4929 1024 4924 65536 4990 32 4936 16 4993 128 
4980 65536 4916 2 4926 1 4906 64 4988 32768 4961 256 4947 1 4947 2048 4925 1024 4935 4096 4963 1024 4937 32 4992 
1 4983 2048 4964 128 4926 32 4916 256 4947 2 4952 512 4896 2 4996 4 4988 2048 4924 4096 4919 32768 4937 16 
4948 1 4954 4096 4958 32 4958 1 4986 4096 4910 16 4896 1024 4947 2048 4956 128 4987 1 4978 32 4971 1 4993 
4 4991 32 4978 512 4946 1 4897 128 4965 4 4938 16384 4982 32 5000 8192 4860 256 4978 128 4972 512 4937 8 
4916 4096 4853 4 4967 256 4983 4 4935 1024 4967 16384 4983 256 5000 256 4899 2048 4945 8 4922 2048 4965 32768 4993 
8192 4894 512 4916 32 4967 256 4983 1024 4979 8 4930 128 4984 1024 4863 128 4963 32 4974 32768 4941 16384 4929 1024 
4946 16 4969 8 4967 512 4908 4096 4966 8192 4979 16 4983 8 4983 32 4965 8192 4945 512 4962 64 4942 16384 4929 
4 4980 16384 4967 256 4979 512 4926 32768 4983 32 4874 16384 4891 16 4930 32 4976 256 4848 32768 4910 65536 4991 1024 
4990 4096 4999 32768 4978 32768 4976 32768 4959 1024 4979 32 4913 256 4920 1024 4965 128 4965 2 4947 65536 4976 32768 4999 
1 4984 8192 4814 256 4895 1024 4999 1 4871 256 4989 8192 4940 16384 4908 32 4926 65536 4947 8 4998 16384 4937 2 
4892 8192 4985 2 4990 32 4935 32768 4946 4096 4979 4 4882 4 4951 512 4965 4096 4948 2 4947 512 4920 16 4999 
32768 4956 32768 4990 64 4988 65536 4946 2 4859 4 4984 1024 4966 16 4951 16384 4998 2 4959 4 4959 8 4999 2048 
4981 65536 4901 8 4890 4 4981 16 4981 128 4866 256 4946 32768 4951 512 4977 1 4927 32768 4954 65536 4989 8192 4916 
8 4989 65536 4969 16384 4941 4 4925 512 4992 32768 4946 8 4860 16 4883 256 4927 32768 4965 32 4993 4096 4961 1024 
4989 32768 4983 2 4941 4 4992 32768 4998 16384 4951 256 4946 1024 4997 512 4963 32768 4925 4096 4993 32768 4892 8192 5000 
8 4914 128 4983 128 4861 4096 4983 4 4984 4096 4946 4096 4977 256 4987 2 4925 16 4935 32 4980 64 4997 512 
4945 1 4914 32768 4944 1024 4906 2 4980 128 4951 65536 4962 128 4983 16 4963 16384 4097 4096 513 1024 4998 1 5000 
8192 4987 512 4918 4096 5000 1024 4913 32 4980 128 4983 512 4929 1 4692 256 4683 1024 4098 16 129 2 4999 1 
4972 4 4912 8 4976 8 4976 64 4930 65536 4912 128 4921 4096 4929 8192 4831 2048 4097 4 1025 16384 4999 2 5000 
8192 4925 65536 4991 1 4995 1024 4976 1024 4954 16384 4999 256 4880 65536 4832 2 4880 4096 4097 512 33 2048 4990 1024 
4896 32 4995 128 4995 4 4901 32 4985 256 4954 128 4992 2048 4976 8 4831 8192 4674 8192 2049 4096 20 8 4991 
32 4991 16384 4995 4 4980 32768 4961 2 4954 32 4899 4096 4790 1 4976 1 4976 128 4892 65536 20 4096 4992 16 
4962 8 4942 32 4996 8 4923 128 4985 4 4954 4 4870 32 4878 4096 4928 2 4890 4096 4991 1 4910 1 4992 
128 4925 256 4996 32768 4964 65536 4968 16 4985 512 4870 32 4879 2 4880 2048 4890 8192 4868 16384 4991 8192 4992 16 
4896 64 4979 512 4883 128 4950 32 4985 512 4876 512 4876 1 4876 128 4981 1 4981 128 4870 1 4990 32 4993 
21 27
2 4959 2048 4959 16384 4875 32768 4987 8 4966 128 4966 65536 4975 1 4932 8 4932 2048 4918 64 
4916 4 4907 8192 4948 128 4916 64 4948 2048 4914 16384 4975 16 4952 1024 4988 2 4945 32 4957 
32 4982 1024 4927 32768 4908 32768 4994 256 4875 512 4920 1 4995 2048 4975 8192 4988 1 4945 32 
4983 4096 4986 512 4939 8192 4948 2048 4948 32 4951 1024 4911 1 4911 1 4934 2 4926 16 4996 
1 4970 256 4986 8192 4962 8 4948 2048 4981 65536 4954 65536 4971 1024 4934 4 4982 2048 4983 256 
4983 1024 4904 8192 4977 16384 4941 4 4990 512 4926 2048 4993 32768 4899 128 4934 65536 4996 32 4977 
8192 4995 256 4914 32 4917 1 4901 1024 4959 256 4999 8 4934 32 4975 4 4980 2 4919 64 
4942 32 4987 8192 4977 16 4901 4 4977 8192 4985 4096 4970 32768 4965 2048 4975 4 4996 32 4996 
512 4967 32768 4938 1 4969 1 4905 256 4933 256 4984 1 4984 1 4963 128 4925 64 4997 2 
4965 2048 4910 16384 4937 4096 4969 32 4989 2 4933 8192 4977 8192 4957 256 4961 2048 4997 64 4997 
8192 4983 2048 4905 128 4985 2 4978 64 4989 256 4950 4 4979 1024 4975 8192 4874 65536 4997 512 
4964 16384 4971 64 4971 32768 4978 4096 4920 256 4959 8192 4992 16 4980 2 4951 8 4945 512 4997 
256 4977 1024 4982 8 4933 32768 4970 256 4860 2048 4895 64 4979 32768 5000 1 4988 512 4997 2 
4977 4 4937 8192 4934 1 4995 65536 4971 512 4979 8 4979 16384 4990 512 4977 8192 4946 16384 4977 
2048 4971 8 4932 2 4932 8192 4999 4096 4922 2 4987 32768 4926 32768 4958 256 4968 1024 4930 8 
4834 2 4833 16384 4901 512 4912 512 4990 4 4952 128 4987 256 4975 32 4965 512 4891 1024 4994 
8192 4729 32768 4844 32768 4925 512 4938 128 4952 1024 4898 2 4875 2 4958 4096 4997 2 4997 1 
4695 1 4707 4096 4907 65536 4973 1024 4989 32768 4910 8192 4884 2048 4856 128 4897 16 4919 512 4994 
128 4695 65536 4933 65536 4983 256 4980 65536 4975 32768 4973 16384 4925 65536 4842 2048 4897 2048 4932 1024 
4690 1 4934 16 4923 4096 4980 2 4891 8 4949 65536 4907 16 4982 1 4952 8192 4991 2 4995 
16384 4934 64 4933 8 4985 65536 4988 65536 4886 1024 4993 64 4907 64 4982 32768 4891 1024 4917 64 
4687 4096 4970 4096 4923 16384 4942 1 4926 256 4940 4 4880 32768 4991 16384 4963 256 4947 512 4995 
8 4967 1024 4918 2048 4989 2 4988 8 4926 512 4909 65536 4926 65536 4986 2048 4911 2 4963 8 
4687 64 4968 512 4924 256 257 4 4993 8 4977 2 4989 8 4989 2 4973 128 4885 4096 4995 
65536 20 2048 20 4096 129 2048 4953 1024 4936 2 4991 65536 4982 32 4957 2 4880 32 4994 8 
4101 512 33 2 65 32 1025 128 4991 4 4950 1024 4933 8 4989 256 4989 512 4978 2 4961 
16 4097 8 4097 2 2049 64 4926 1024 4991 64 4900 1024 4996 4 4930 8192 4978 16 4978 1024 
24 22
32 4986 256 4947 16 4947 16 4948 8 4948 2048 4998 8192 4988 64 4967 8 4862 65536 4985 1 4948 2048 4984 
4986 64 4888 64 4947 32768 4937 65536 4936 8192 4925 128 4925 32 4957 4 4967 2048 4966 64 4984 512 4946 8192 
65536 4885 2 4947 8192 4987 8 4937 1024 5000 2 4899 16 4932 512 4897 16 4966 4 4983 16 4945 16 4963 
4983 512 4953 512 4981 8 4900 16 4926 8192 4954 512 4966 32 4928 16 4967 32 4990 65536 4882 16 4963 2 
4096 4987 256 4870 512 4873 16 4980 65536 4973 512 5000 8 4880 32 4962 16384 4990 32768 4948 1 4882 64 4963 
4869 256 4952 256 4955 128 4984 65536 4999 8 4929 2 4929 8 4977 64 4964 1 4979 4096 4909 4096 4963 512 
1 4986 4 4951 16 4975 1024 4972 2048 4937 128 4960 32 4904 1 4962 1 4964 64 4979 2 4979 8 4922 
4967 128 4986 8 4986 2048 4881 64 4925 16384 4960 4 4904 32 4952 8192 4962 8 4963 16 4963 8192 4922 8 
1024 4986 2048 4964 16384 4862 1 4981 32768 4995 128 4915 65536 4881 4 4896 4 4896 256 4949 65536 4897 32 4922 
4951 32768 4984 8 4964 16384 4993 512 4911 2048 4910 16384 4938 128 4952 16 4961 512 4963 32 4949 32 4942 8 
2 4941 4 4876 2048 4973 128 4973 8 4931 64 4938 32 4952 4 4961 65536 4956 512 4955 4 4955 1024 4942 
4984 65536 5000 128 4925 512 4992 4 4973 8 4931 8 4993 2 4993 64 4904 128 4842 512 4992 65536 4942 32 
128 4984 4096 4979 32768 4974 64 4973 1 4870 1 4931 2048 4991 4096 4934 32768 4841 8 4983 8 4991 65536 4890 
4987 16 4938 512 5000 8 4974 32 4993 8192 4952 2 4864 256 4875 4096 4841 8 4842 4096 4982 2048 4969 2 
1024 4891 16384 4980 2 4905 512 4993 2 4994 128 4952 16384 4971 4096 4992 8192 4951 8192 4904 16384 4890 8 4890 
4989 65536 4971 2 4960 4096 4881 64 4963 32 4973 128 4850 16 4971 1 4971 4 4948 256 4901 1024 65 2 
32 4943 32768 4943 512 4962 16384 4963 1 4994 32 4875 1 4959 256 4996 128 4952 8192 4924 2 257 8 20 
4989 64 4943 32768 4960 1024 4998 128 4869 16 4976 8192 4910 4 4996 256 4922 32768 4976 32768 4902 1024 33 65536 
16384 4943 256 4899 4 4969 4 4955 4096 4972 65536 4942 1 4983 2048 4936 16384 4935 256 4981 2048 1025 32768 20 
4976 2 4973 32 4913 128 4983 1 4973 1 4968 16 4929 256 4997 256 4979 32 4560 128 2049 64 4097 1 
2048 4899 2048 4973 4 4983 4 4988 128 4915 512 4955 128 4955 32768 4913 16384 4975 1024 4556 512 4097 2048 4096 
4982 8192 4898 8 4973 32 4973 32 4973 32768 4925 256 4960 64 4913 1 4675 512 5000 64 4551 32768 4096 1 
22 22
4976 4 4975 65536 4981 64 4957 8192 4982 4 4947 32768 4934 16 4977 64 4999 16 4977 4096 4971 128 
16384 33 128 129 16 4958 16 4921 8192 4889 8192 4984 65536 4886 16384 4962 64 4926 512 4924 16384 4950 
4947 8 20 4096 4981 65536 4972 1024 4938 32 4983 65536 4929 32 4972 64 4939 8192 4977 4 4893 16384 
16 20 2 513 64 4909 32768 4972 2 4691 8 4690 4 4971 64 4962 8 4989 2 4924 8192 4992 
4948 8 1025 16 4922 16384 4973 8 4920 65536 4968 4096 4971 32768 4915 64 4962 512 4990 512 4918 8 
32768 20 2048 2049 1024 4097 16384 4097 1024 4300 64 4967 64 4928 64 4915 32768 4943 1024 4999 4096 4929 
4972 128 4993 4096 4976 8192 4999 8 4976 128 4971 8 4967 256 4961 65536 4961 65536 4973 32 4978 16384 
512 4969 512 4997 32768 4894 2 4975 1024 4973 64 4926 1 4933 16 4961 256 4975 4 4886 32768 4963 
4949 65536 4954 16384 4926 16384 5000 4096 4932 32768 4974 1024 4933 2 4933 256 4950 1 4945 4096 4950 65536 
1 4949 32768 4943 8192 4952 16384 4963 2048 4995 2048 4951 16384 4972 2048 4949 8192 4915 1024 4991 1024 4990 
4949 1 4989 128 4923 65536 4947 65536 4961 1 4962 4 4995 4096 4975 4096 4972 64 4973 64 4971 32768 
8192 4988 2 4987 256 4923 128 4961 512 4962 16384 4981 16 4964 64 4975 32 4952 4 4992 64 4992 
4997 4096 4867 32768 4963 2048 4961 512 4964 65536 4952 32768 4994 2048 4934 65536 4972 1024 4915 8 4995 128 
512 4985 32768 4963 8 4925 16 4991 16 4952 8 4934 2 4992 32 4990 16 4990 32 4934 8192 4864 
4935 512 4955 65536 4991 32 4991 128 4952 4096 4971 512 4933 1024 4967 4 4978 2 4945 32768 4984 8 
8192 4915 1 4969 1 4991 128 4963 65536 4935 4 4900 2048 4932 256 4978 16 4922 2 4982 64 4863 
4992 4 4961 256 4942 65536 4874 128 4880 8192 4996 2048 4971 8192 4967 64 4978 32 4982 16 4993 2048 
8 4915 256 4932 4096 4946 256 4801 65536 4892 2048 4908 2 4985 2048 4985 16384 4978 1024 4907 2048 4938 
4967 4096 4948 16384 4994 4 4991 2048 4957 16384 4978 65536 4988 8192 4976 8192 4967 512 4925 128 4968 4096 
512 4917 64 4993 128 4853 4096 4986 8192 4945 4096 4988 128 4956 2 4993 4 4993 65536 5000 8192 4970 
4919 1024 4957 4096 4941 64 4891 1024 4908 2 4926 4096 4997 64 4974 32 4992 4 4949 8 4981 512 
2 4919 2 4941 256 4957 16 4957 256 4908 8192 4847 512 4945 128 4956 1024 4989 16384 4983 256 4964 
