5
57 185
1 136 185 19
1 12 15 16 21 24 34 50 63 66 71 74 82 83 84 87 100 101 103 
2 99 84 24
3 6 8 17 29 32 35 36 42 43 44 48 68 69 70 76 80 91 98 100 104 105 107 109 
3 62 51 29
4 6 8 13 16 21 23 25 29 33 37 42 44 46 57 63 66 68 71 72 73 84 89 91 92 95 100 104 109 
4 169 79 27
7 9 20 22 28 32 35 37 40 55 56 65 67 72 73 74 75 78 82 88 93 97 98 99 103 105 106 
5 90 80 19
13 14 19 23 29 36 44 45 55 57 64 70 71 73 78 92 102 106 109 
6 56 85 20
16 23 31 44 46 48 60 61 65 72 73 76 82 84 88 89 90 93 100 106 
7 100 52 21
21 23 29 40 53 54 57 59 63 64 66 67 74 84 88 91 93 94 97 101 103 
8 235 79 24
3 21 31 35 37 38 39 44 47 53 54 63 69 77 81 82 84 87 89 94 98 100 105 106 
9 96 88 22
1 3 5 14 16 19 28 35 39 46 58 59 62 64 71 75 76 78 82 89 102 106 
10 128 66 22
8 10 16 18 23 29 32 45 46 53 71 74 81 86 88 89 91 94 96 100 103 107 
11 121 67 24
1 3 5 6 8 18 21 33 35 36 39 44 46 48 58 59 61 74 75 76 82 90 91 100 
12 124 78 13
1 10 24 29 34 44 67 81 82 86 91 96 105 
13 74 55 27
1 3 6 7 8 17 24 25 31 34 37 39 50 54 55 58 60 61 69 72 74 75 82 88 91 99 101 
14 318 270 27
6 8 11 19 21 23 25 28 33 37 46 60 61 63 71 77 82 83 85 86 87 90 98 99 100 101 109 
15 74 64 18
10 19 21 27 37 40 55 60 65 75 77 80 86 91 94 95 97 104 
16 240 83 31
1 3 7 8 9 10 13 17 25 26 29 30 46 55 58 59 60 65 69 73 74 75 76 79 82 86 89 95 98 101 109 
17 148 65 27
3 4 7 8 10 25 26 31 35 42 43 46 48 58 59 61 62 66 71 72 77 79 81 88 95 100 109 
18 78 64 16
1 3 16 25 28 30 38 39 46 57 77 81 82 84 88 109 
19 45 62 14
19 20 26 27 47 53 56 62 78 81 82 87 88 106 
20 67 55 20
4 14 15 18 20 23 26 34 42 66 69 73 75 77 81 84 85 93 102 103 
21 70 65 26
2 5 13 14 15 19 23 34 37 39 43 53 57 63 64 65 72 73 79 84 87 91 95 99 103 108 
22 405 293 22
1 15 16 20 35 44 51 52 58 60 62 71 75 77 80 83 86 87 95 100 101 103 
23 198 70 10
16 28 31 53 59 62 76 80 83 93 
24 195 79 23
11 16 21 25 31 45 47 51 54 56 59 64 66 67 81 84 88 89 93 95 99 101 105 
25 73 62 22
4 22 23 25 42 46 47 56 57 68 69 71 72 73 77 78 81 82 84 88 95 108 
26 104 78 19
4 12 13 22 25 33 35 42 43 61 65 66 76 83 84 89 101 103 108 
27 375 63 25
1 2 8 35 38 39 40 44 48 50 53 54 60 67 71 73 76 86 88 93 94 99 103 105 106 
28 68 53 17
4 12 15 16 25 28 37 43 64 65 66 73 81 82 84 86 103 
29 216 62 13
7 9 10 12 25 30 31 38 40 45 73 74 77 
30 150 68 26
3 4 29 31 34 35 37 38 39 43 46 48 53 59 64 68 69 76 79 83 85 89 93 96 102 107 
31 111 84 28
15 16 19 25 35 37 46 53 56 58 63 64 65 67 72 77 81 83 88 90 91 97 98 100 101 104 107 109 
32 125 72 25
6 8 16 20 22 27 28 33 35 39 44 47 53 61 64 66 69 72 75 88 89 99 103 104 105 
33 84 68 14
15 16 31 53 56 64 67 80 81 82 84 88 104 107 
34 143 53 18
7 16 18 21 31 45 47 52 54 59 60 81 86 94 95 97 101 105 
35 196 87 29
20 22 26 27 48 56 57 58 60 63 65 71 73 74 75 76 77 79 82 84 88 89 93 97 98 100 103 106 108 
36 104 52 25
7 15 20 21 31 32 37 44 54 56 58 63 65 66 72 78 81 84 86 88 89 95 100 106 107 
37 454 241 24
5 8 12 17 18 26 28 31 32 34 45 52 54 60 61 62 66 71 77 81 82 88 100 109 
38 140 69 22
3 5 10 17 21 27 30 36 38 39 42 59 60 61 68 73 76 82 86 89 100 101 
39 183 75 18
6 8 16 26 27 28 36 42 50 51 60 63 68 72 88 89 92 103 
40 370 299 15
7 21 29 33 34 40 42 47 48 59 69 78 80 93 100 
41 40 59 14
15 16 21 24 26 34 52 66 73 76 87 92 95 101 
42 135 82 23
12 15 18 19 20 21 24 34 36 42 52 60 62 64 67 71 73 75 80 87 93 101 102 
43 194 67 32
12 17 19 21 25 29 31 38 42 44 46 53 54 59 60 61 62 63 65 66 76 78 81 82 83 85 86 88 91 98 104 107 
44 152 58 27
15 19 21 23 25 26 28 37 39 47 48 51 56 63 65 72 73 76 78 83 85 91 98 100 101 103 109 
45 208 78 29
7 8 12 15 18 27 28 32 33 34 40 50 55 56 58 60 62 73 74 75 78 79 82 88 95 100 101 103 104 
46 139 59 19
16 19 45 46 51 53 74 81 82 84 87 88 89 98 100 101 103 104 109 
47 201 61 26
2 5 10 11 24 28 29 31 33 34 35 39 42 54 59 60 61 65 71 74 86 88 97 101 103 107 
48 171 89 28
1 8 10 12 16 19 21 27 29 35 43 51 53 54 61 62 67 68 69 72 73 76 77 81 82 96 104 105 
49 63 79 15
15 20 32 40 50 65 74 75 79 86 94 95 103 105 106 
50 130 60 15
4 7 15 16 20 21 24 26 37 51 63 73 76 85 101 
51 104 76 23
4 8 20 35 36 40 42 53 55 56 58 60 62 67 72 74 82 88 90 98 100 101 103 
52 623 257 29
2 8 11 14 18 22 25 34 46 48 53 55 59 65 71 72 73 75 78 83 86 89 93 97 98 99 100 104 106 
53 268 88 12
20 35 47 63 75 79 83 87 93 100 103 106 
54 83 65 25
5 7 9 10 15 17 27 35 40 50 54 60 61 62 73 75 77 80 85 86 87 88 89 94 99 
55 116 88 22
12 17 21 36 38 43 48 59 61 63 64 69 76 85 86 88 89 95 96 101 103 108 
56 84 73 31
1 3 4 8 12 19 21 29 31 32 39 42 43 44 46 47 50 53 59 63 78 82 83 88 91 96 98 101 102 105 106 
57 65 55 21
12 15 24 27 34 50 51 52 53 58 60 63 64 66 67 77 78 82 93 100 103 
1 29 7725 85 59 716 3460
2 206 2653 70 79 386 1268
3 299 6079 108 31 203 4326
4 372 2299 12 16 125 1596
5 419 7061 33 10 1674 14360
6 563 5850 46 60 205 3806
7 573 1463 89 1 118 1181
8 824 1775 4 108 178 358
9 824 6951 4 18 713 2871
10 839 5573 33 10 186 3590
11 1062 1880 13 85 373 912
12 1068 4781 61 77 188 2702
13 1583 6139 43 58 699 2595
14 1871 3672 37 82 117 3017
15 1883 2653 63 79 386 1268
16 1949 3282 47 46 43 1828
17 2010 5152 47 13 36 3303
18 2029 2818 96 11 116 2172
19 2112 4313 82 76 36 2939
20 2179 4229 32 90 124 2107
21 2182 2464 39 106 34 317
22 2206 2626 19 65 100 2142
23 2352 3439 56 21 126 1474
24 2358 5369 108 46 696 2038
25 2368 3508 74 59 19 2378
26 2430 3946 72 84 47 337
27 2543 3186 7 89 28 1626
28 2550 3266 73 91 107 1790
29 2557 3149 7 89 21 457
30 2948 3314 103 66 19 2498
31 2956 3239 103 63 8 367
32 2956 3238 103 63 7 475
33 2956 3238 103 63 7 475
34 3161 3363 72 21 50 294
35 3636 9716 26 99 115 5899
36 3831 10124 28 55 210 6560
37 3849 9560 77 73 128 5132
38 3998 9778 62 39 1414 1832
39 4092 9868 88 73 200 5182
40 4095 11692 72 47 553 5467
41 4152 8319 1 68 126 2532
42 4278 9352 21 4 98 4188
43 4440 9106 15 56 111 4208
44 4451 13146 96 105 546 16890
45 4583 5932 107 53 32 3000
46 4674 11070 58 52 554 4482
47 4674 11070 58 112 554 4482
48 4840 9281 16 34 193 5182
49 5104 8995 19 15 183 4456
50 5182 5391 35 38 10 500
51 5194 5920 88 37 123 1388
52 5214 5752 35 74 27 2550
53 5288 10305 55 34 536 4810
54 5373 5668 40 84 13 637
55 5381 5642 40 84 10 500
56 5388 7896 71 95 124 2005
57 5393 10893 12 39 21 1137
58 5455 6701 20 83 22 3951
59 5465 5754 32 46 120 1013
60 5474 7616 81 74 707 458
61 5478 8329 81 74 1408 1392
62 5561 11356 35 98 64 2868
63 5614 9626 63 8 205 5980
64 5615 5805 27 82 17 342
65 5622 6273 107 86 42 2884
66 5625 6879 6 16 122 1949
67 5708 6148 53 81 5 3002
68 5736 7984 80 81 124 2340
69 5773 11779 37 53 56 1416
70 5802 6089 101 18 25 2509
71 5819 6043 50 31 61 487
72 5887 7230 62 21 124 2059
73 5899 9024 65 37 212 4544
74 5900 9704 37 15 537 3899
75 5960 11679 60 26 121 6270
76 6129 8746 75 49 188 5083
77 6129 8746 75 64 188 5083
78 6152 11414 80 100 109 4765
79 6245 19344 7 80 548 9063
80 6323 11228 62 65 104 4890
81 6323 11228 62 110 104 4890
82 6323 11228 62 113 104 4890
83 6390 8499 77 102 195 3589
84 6565 11063 88 97 92 4193
85 6825 18715 87 31 543 7612
86 6837 7720 74 64 35 1792
87 6843 7725 105 40 116 1403
88 6935 7120 84 64 13 326
89 6941 7138 45 57 23 1505
90 6943 7104 45 57 17 448
91 7054 7122 45 57 35 1792
92 7257 8057 64 14 12 330
93 7434 18105 26 61 531 7884
94 7772 8100 44 42 41 564
95 7873 8247 44 42 188 5083
96 8045 8660 102 57 13 326
97 8061 17517 77 86 526 6622
98 8289 13853 5 32 214 3684
99 8528 8768 102 57 121 6270
100 8536 13638 18 78 108 7408
101 8540 12973 28 8 210 3057
102 8632 15191 39 88 549 4400
103 8651 8827 14 22 14 322
104 8737 11158 91 14 112 4668
105 8747 12911 86 54 122 6000
106 8825 12704 16 6 197 3020
107 8902 12691 96 105 91 5630
108 8910 10908 63 78 109 4154
109 8990 14513 103 44 108 8930
110 9079 10695 50 82 95 3874
111 9083 12431 91 71 193 2231
112 9089 12433 34 75 105 5400
113 9149 13042 79 3 115 7769
114 9235 14617 46 89 554 3740
115 9266 12196 15 76 30 3542
116 9313 12757 87 25 91 6786
117 9317 10281 60 3 92 3738
118 9433 9617 27 44 15 469
119 9484 12008 100 48 25 2798
120 9486 9694 93 72 18 389
121 9495 12630 19 73 98 5671
122 9605 11737 20 2 13 2656
123 9668 9931 47 12 3 498
124 9668 11640 47 5 8 2490
125 9674 13039 34 11 31 6768
126 9675 9932 47 12 3 379
127 9675 9934 47 12 5 322
128 9681 9858 23 21 30 623
129 9762 10064 106 73 35 307
130 9762 10388 44 107 21 540
131 9779 12968 66 81 42 5617
132 9850 12794 69 31 14 5211
133 9863 13857 75 53 39 5202
134 9864 13973 29 42 532 3168
135 9866 10038 72 36 18 389
136 9866 10038 72 36 18 389
137 9929 10792 73 38 5 322
138 9942 11090 95 63 39 2541
139 10020 10201 21 3 18 389
140 10020 10201 21 3 18 389
141 10025 10218 101 69 11 470
142 10112 12703 82 7 25 4325
143 10170 10281 68 44 11 363
144 10204 10924 68 22 34 1854
145 10270 10634 29 99 22 2083
146 10287 13742 103 93 32 4421
147 10354 13659 65 54 22 4421
148 10367 10566 104 31 21 540
149 10367 10562 104 31 17 428
150 10445 12203 61 7 15 3890
151 10450 11146 40 71 99 400
152 10450 11146 40 71 99 400
153 10464 13380 40 81 537 2730
154 10524 10802 29 55 3 376
155 10524 10801 29 55 2 372
156 10612 10894 91 22 11 363
157 10689 12051 13 104 34 3776
158 10787 10875 12 39 3 379
159 10882 15132 48 19 41 4695
160 10962 11059 55 88 3 376
161 10963 14362 69 89 41 4084
162 10987 11748 4 53 26 2832
163 11039 14240 59 94 24 3896
164 11123 11563 35 56 17 2869
165 11123 11300 35 98 8 717
166 11145 14168 28 60 24 3185
167 11146 11330 35 98 8 472
168 11322 11475 46 37 8 472
169 11329 11995 93 19 63 447
170 11404 11576 16 8 2 372
171 11483 39181 70 50 1403 6897
172 11546 11731 37 53 8 472
173 11546 17191 43 56 38 4354
174 11645 12410 71 82 152 452
175 12961 37748 98 32 1415 4827
176 13029 17030 76 47 26 3352
177 13137 16919 106 35 21 3265
178 13900 14077 42 54 5 313
179 13961 16721 98 1 9 2346
180 14053 14225 82 85 4 279
181 14401 36254 78 100 1386 5034
182 15858 34816 89 66 1398 3909
183 21698 23356 27 30 166 283
184 23173 24839 10 1 184 335
185 23190 24836 10 1 215 300
61 153
1 146 46 27
2 4 7 12 14 15 17 19 21 24 26 32 42 45 51 57 64 66 67 69 75 77 78 80 81 84 87 
2 144 39 28
3 9 11 13 17 21 24 28 35 40 41 42 43 45 48 51 52 53 62 64 66 71 72 73 81 83 86 87 
3 165 49 29
4 5 7 8 12 13 14 17 20 28 33 34 36 38 42 48 51 53 58 63 66 68 69 72 77 78 79 83 84 
4 593 65 16
19 24 33 40 45 46 48 58 60 66 76 77 78 80 83 87 
5 146 57 21
4 9 10 19 20 21 22 25 27 30 32 40 46 49 64 66 67 68 69 79 82 
6 313 40 25
7 8 10 19 20 26 29 38 41 42 45 46 50 51 52 55 60 64 65 71 77 79 80 81 86 
7 144 61 19
4 10 19 24 25 29 31 34 41 47 54 58 63 67 69 77 78 80 83 
8 673 193 21
8 11 21 24 26 28 35 36 52 53 61 62 63 65 66 67 72 77 80 83 86 
9 161 61 28
3 8 10 15 19 20 22 23 26 39 40 43 45 46 48 50 51 52 55 56 58 65 71 74 76 77 78 81 
10 306 64 17
3 4 8 11 16 22 24 32 36 42 43 51 57 76 80 81 82 
11 205 50 18
3 10 14 17 29 30 31 32 36 46 48 51 52 53 54 65 67 69 
12 141 42 17
8 9 14 17 19 25 26 27 28 36 48 51 58 59 60 76 86 
13 213 53 15
4 5 11 15 22 29 30 43 46 53 55 62 63 74 82 
14 172 40 17
9 12 20 32 38 41 42 46 52 54 59 60 64 67 68 69 77 
15 157 48 20
7 10 12 21 24 35 37 40 42 52 54 60 62 63 66 71 80 83 84 85 
16 199 63 20
7 13 16 19 29 36 40 43 44 45 52 54 58 75 76 77 78 79 83 87 
17 187 57 17
7 10 16 17 18 19 25 29 33 38 42 44 48 58 69 80 83 
18 474 146 21
10 15 16 17 18 24 29 38 40 41 42 45 46 52 54 55 64 71 83 86 87 
19 719 217 29
2 4 6 12 16 18 21 24 26 28 35 36 41 42 45 46 51 58 61 62 66 67 71 72 77 83 85 86 87 
20 202 53 25
3 7 9 13 16 21 22 24 28 32 34 35 42 43 45 47 51 61 63 70 71 73 75 78 80 
21 164 42 16
4 9 27 30 32 37 46 49 50 51 54 59 60 64 66 69 
22 342 133 20
3 8 10 15 19 20 21 25 26 38 41 42 45 50 53 60 68 71 78 79 
23 188 52 17
8 11 20 22 27 30 39 45 48 52 53 59 62 66 70 74 79 
24 215 52 23
2 4 5 8 11 12 16 19 21 22 28 42 45 48 61 68 69 70 73 77 78 80 82 
25 242 67 18
11 12 21 22 26 28 32 35 36 40 52 57 58 60 61 63 82 85 
26 749 248 24
16 19 21 25 27 28 30 34 38 39 41 42 46 48 54 59 60 64 66 67 68 69 82 83 
27 192 51 27
3 11 12 16 21 22 24 29 32 35 41 42 45 46 51 52 53 57 63 68 73 76 78 80 83 85 87 
28 222 52 21
12 21 28 32 34 36 38 42 45 51 53 54 57 68 69 73 77 78 82 83 87 
29 182 44 21
3 10 11 15 18 19 21 22 26 30 38 40 41 45 53 56 62 63 70 80 82 
30 204 52 24
8 16 21 29 30 31 35 36 41 42 43 46 51 52 53 55 57 60 62 63 66 67 76 80 
31 90 49 24
4 8 9 10 11 20 28 34 37 39 40 45 49 54 56 58 59 63 65 67 68 79 81 82 
32 248 66 30
7 9 13 16 28 31 32 34 35 41 43 45 47 48 51 52 53 54 61 62 63 66 68 70 71 72 75 77 84 86 
33 146 39 25
3 6 11 12 24 34 35 40 41 42 51 52 53 58 60 61 62 63 66 71 76 80 83 85 87 
34 212 67 25
1 2 5 8 14 15 17 26 28 33 36 40 42 44 48 54 57 58 59 70 73 76 78 80 81 
35 167 43 28
2 7 9 13 14 17 19 21 22 28 32 35 40 41 42 43 45 53 60 61 64 69 70 78 79 82 85 87 
36 1119 171 21
2 3 11 19 31 32 34 43 47 52 54 61 63 66 67 68 69 75 81 83 86 
37 198 68 21
6 7 8 13 16 18 24 25 26 27 41 44 48 51 60 64 69 73 77 82 84 
38 477 131 23
3 6 7 10 12 21 26 28 32 34 35 41 52 58 61 66 67 71 72 73 84 85 86 
39 238 59 25
1 2 3 4 5 7 12 14 17 24 26 43 44 48 52 53 64 66 67 68 70 72 79 80 82 
40 206 59 21
5 9 12 15 19 20 24 26 28 36 42 46 48 53 63 69 73 75 76 81 86 
41 180 58 17
15 24 25 29 36 41 44 45 51 53 58 63 67 69 77 78 81 
42 137 58 23
3 4 14 17 19 25 28 31 34 41 45 46 47 48 49 51 54 55 66 67 72 80 83 
43 241 66 16
3 4 17 19 25 31 44 46 51 53 54 58 63 80 81 83 
44 133 45 18
8 20 24 33 37 39 42 44 45 51 53 60 64 69 73 80 82 84 
45 167 43 19
1 8 11 13 17 19 21 31 32 35 43 45 52 57 63 66 68 78 81 
46 143 55 19
5 9 13 15 18 19 22 26 27 36 40 42 44 46 48 53 58 73 80 
47 216 63 16
25 29 31 36 41 51 53 55 57 61 63 67 73 76 78 84 
48 174 53 31
2 7 12 13 14 17 19 24 26 28 31 32 35 36 38 39 43 44 45 51 53 54 57 63 64 69 75 77 80 81 87 
49 165 53 25
1 2 4 8 12 13 14 19 24 26 36 38 40 45 51 54 57 59 64 66 70 73 79 80 87 
50 183 47 20
2 7 11 16 24 28 32 34 37 40 42 43 48 53 62 63 70 71 83 87 
51 214 57 21
10 12 16 25 30 31 34 38 46 47 48 49 50 51 53 54 59 66 67 76 80 
52 283 54 20
5 9 13 18 19 24 25 26 28 33 40 48 51 57 59 70 73 77 80 82 
53 198 59 25
3 4 15 19 22 25 29 36 41 43 44 45 51 53 54 55 61 63 67 69 76 78 81 82 87 
54 158 52 21
2 4 6 8 16 21 35 37 43 47 51 52 54 62 63 67 70 71 72 84 86 
55 114 40 27
8 10 11 15 20 21 22 28 30 34 37 39 40 41 43 45 48 50 56 58 59 63 65 68 74 75 81 
56 158 45 13
3 14 17 19 29 36 45 54 55 67 77 80 83 
57 254 65 26
2 4 7 13 21 22 28 39 42 43 45 48 52 61 63 64 67 68 70 71 75 78 80 83 85 87 
58 135 66 20
3 10 20 26 30 36 38 40 48 51 52 54 56 63 64 65 74 75 78 83 
59 184 52 18
19 20 38 39 40 41 43 45 46 51 55 56 64 65 76 77 78 80 
60 181 53 12
18 20 27 34 37 45 46 49 52 58 70 79 
61 209 65 13
3 14 25 30 31 38 45 49 55 65 76 80 83 
1 32 599 5 21 95 1804
2 174 1078 57 63 85 1998
3 231 1938 16 48 83 4692
4 239 434 62 61 86 1515
5 279 770 7 72 96 906
6 292 1359 71 61 97 3624
7 366 3513 65 30 21 6479
8 369 1735 11 14 82 3847
9 371 887 46 62 85 1678
10 418 3369 66 62 31 5507
11 425 1153 41 48 88 3080
12 559 698 7 72 24 453
13 687 844 24 62 42 419
14 690 4522 28 60 147 5214
15 822 956 72 11 24 453
16 886 3915 71 53 162 3649
17 940 1087 32 45 13 391
18 947 1094 32 45 16 384
19 1022 5706 11 38 22 8920
20 1068 5573 43 16 17 6244
21 1074 1266 13 17 13 391
22 1215 4849 63 25 147 4303
23 1215 4849 63 91 147 4303
24 1277 1397 12 45 3 323
25 1394 2518 38 80 3 323
26 1398 4661 16 20 153 3700
27 1472 3340 2 51 180 810
28 1508 6860 81 25 192 25704
29 1540 1717 77 15 2 346
30 1719 1806 48 40 2 446
31 1801 6048 71 80 28 6405
32 1843 4939 39 60 87 5404
33 1906 3016 80 65 2 346
34 1967 2213 70 87 26 474
35 1973 2203 80 8 27 336
36 1996 4796 67 19 96 3998
37 1996 2481 12 54 33 455
38 1996 3880 12 2 84 2275
39 2034 5187 86 26 24 1137
40 2184 2389 36 73 22 331
41 2242 5722 78 21 31 4931
42 2292 6607 39 84 89 7809
43 2361 3471 5 51 4 379
44 2373 2978 87 44 26 474
45 2385 8359 45 87 774 23416
46 2425 3769 19 70 90 2024
47 2433 4934 72 41 84 4004
48 2443 6432 75 61 86 6091
49 2443 6432 75 91 86 6091
50 2545 5375 80 17 72 1936
51 2568 4803 33 68 91 2922
52 2747 8636 72 80 1057 6615
53 2804 5751 51 4 60 1500
54 2819 2903 9 19 2 341
55 2821 3935 48 38 9 411
56 2945 3196 2 51 36 405
57 3017 6692 81 25 24 6426
58 3017 6692 81 89 24 6426
59 3040 7615 67 77 420 1323
60 3082 6633 26 89 19 5462
61 3082 6633 26 30 19 5462
62 3091 3157 65 58 2 446
63 3141 7015 14 87 158 7408
64 3296 4690 6 52 27 3990
65 3339 6834 27 45 163 5185
66 3361 7400 22 7 157 6498
67 3364 3493 20 33 16 333
68 3399 4548 41 53 19 2912
69 3476 7198 19 43 90 9680
70 3491 3611 73 80 12 386
71 3524 11825 83 75 108 16496
72 3528 3608 26 40 4 364
73 3539 7202 36 37 161 5328
74 3594 7057 40 66 83 7840
75 3597 10368 72 64 576 15015
76 3599 3943 33 40 12 386
77 3604 3936 56 82 4 364
78 3949 4014 40 54 5 399
79 4007 4324 82 51 4 364
80 4068 5167 86 26 4 379
81 4068 5167 86 26 4 379
82 4068 5167 86 90 4 379
83 4577 14997 58 70 545 6783
84 4658 8244 41 2 93 7506
85 4770 7671 45 87 86 5854
86 4792 7649 52 15 27 6840
87 4839 4963 7 71 3 459
88 4859 4971 60 80 9 435
89 4915 7209 22 42 27 9720
90 4960 5181 10 38 3 459
91 4968 5861 77 51 31 2128
92 4970 7029 32 77 25 8748
93 5038 5730 12 78 33 1893
94 5090 5312 80 17 9 484
95 5154 14419 45 3 551 5087
96 5223 5455 66 3 16 342
97 5240 7545 66 78 30 5882
98 5242 5460 66 3 18 313
99 5291 9356 39 37 24 6020
100 5310 5922 28 25 23 370
101 5376 5963 38 59 3 455
102 5422 9284 83 60 31 4454
103 5439 5642 31 83 16 342
104 5443 5636 45 25 8 304
105 5443 5636 45 25 8 304
106 5495 7730 72 80 151 2205
107 5495 6140 72 54 60 441
108 5558 9476 32 18 88 3448
109 5609 5701 51 4 10 500
110 5609 6097 51 67 21 2000
111 5630 5703 82 21 2 486
112 5687 5770 44 30 28 1780
113 5688 5833 80 89 2 486
114 5688 5833 80 58 2 486
115 5695 9144 74 23 17 6340
116 5703 9368 69 67 94 2517
117 5739 9076 43 39 24 5262
118 5827 7282 43 63 31 4122
119 5894 7163 16 13 32 2885
120 6080 7255 67 77 60 441
121 6086 7538 67 81 161 1719
122 6338 6421 31 73 2 360
123 6482 6529 73 71 3 346
124 6482 6529 73 71 3 346
125 6721 6875 8 3 2 301
126 6721 6875 8 89 2 301
127 6721 6875 8 3 2 301
128 6908 8043 63 76 31 419
129 6914 11883 68 65 23 9820
130 6930 7001 12 7 9 412
131 6930 7001 12 7 9 412
132 6931 7062 52 35 10 417
133 6973 14497 82 17 422 4420
134 7048 11744 83 75 27 8248
135 7054 8170 3 85 2 301
136 7194 9888 72 64 96 5005
137 7195 7449 54 81 60 441
138 7195 7449 54 81 60 441
139 7323 9668 86 13 84 4154
140 7453 14050 28 58 418 3845
141 7967 8033 14 8 2 317
142 8160 8315 70 80 15 377
143 8171 8225 61 4 3 247
144 8415 8577 80 57 15 377
145 8532 8697 78 91 14 385
146 8532 8697 78 36 14 385
147 8665 9321 67 36 64 399
148 9394 9863 2 42 3 458
149 9861 10499 36 85 64 399
150 10033 10578 63 19 64 340
151 11614 12132 19 32 64 340
152 11614 12132 19 32 64 340
153 12507 13213 32 83 64 340
68 183
1 363 260 28
1 2 5 8 10 14 15 16 17 24 26 31 33 37 38 44 45 46 48 56 60 63 69 70 71 75 79 80 
2 312 104 29
8 9 10 13 14 15 16 18 20 21 22 23 28 32 36 40 43 45 48 50 52 54 56 57 63 78 79 80 83 
3 126 75 26
2 7 15 17 18 24 25 26 28 36 39 51 52 53 57 59 62 65 67 68 69 70 73 80 81 84 
4 94 69 32
1 2 3 10 13 15 16 18 24 29 30 32 40 41 45 48 50 52 54 55 56 58 59 63 64 65 66 73 77 78 80 81 
5 115 87 33
2 3 5 7 9 13 22 26 28 29 33 37 38 39 42 43 44 49 55 57 58 61 62 64 65 67 71 73 74 76 77 78 80 
6 203 81 32
1 3 5 6 7 9 10 12 14 20 26 27 28 32 33 38 41 42 44 45 47 49 53 55 57 59 62 65 71 72 73 81 
7 461 220 32
2 3 8 14 16 19 21 23 27 28 29 31 34 39 42 43 44 47 48 49 54 66 68 73 74 75 76 77 78 79 80 83 
8 488 200 25
2 9 10 22 26 29 35 37 38 46 49 51 53 56 57 59 61 64 67 70 73 74 76 78 80 
9 239 95 29
1 7 8 10 15 16 18 22 24 30 32 34 35 36 39 44 45 56 57 60 62 64 66 68 72 75 79 82 84 
10 132 62 36
3 4 5 8 9 14 15 16 21 22 23 24 26 28 30 32 33 39 41 42 43 46 50 51 54 58 66 68 69 71 72 73 74 75 79 80 
11 149 61 31
4 5 7 11 13 14 15 16 23 24 25 26 32 33 37 39 40 43 49 51 54 61 66 68 70 73 74 78 80 82 84 
12 159 77 40
2 5 7 9 11 13 14 18 19 21 23 24 26 29 32 33 35 36 37 38 39 40 43 44 47 49 50 51 53 58 59 65 67 69 70 74 76 79 81 82 
13 279 102 22
1 2 5 6 13 22 23 24 25 28 36 38 44 51 58 61 62 65 72 76 77 79 
14 171 97 24
1 4 7 11 12 20 23 24 26 30 39 40 41 42 47 48 51 54 62 73 74 77 78 80 
15 92 67 28
1 14 15 16 23 24 26 28 29 33 36 41 44 45 48 51 52 53 59 61 62 65 69 73 79 80 81 84 
16 802 337 31
3 5 6 7 12 14 18 22 23 24 25 26 28 32 33 38 43 47 51 59 60 64 65 68 71 74 75 79 81 82 84 
17 242 89 26
1 3 4 6 8 9 10 16 20 21 29 37 38 45 51 55 59 60 62 64 66 71 72 75 80 82 
18 533 84 32
1 3 7 8 14 16 17 18 19 22 23 24 28 31 33 35 38 41 44 48 51 55 58 59 62 66 71 73 75 78 80 81 
19 126 102 25
3 5 6 7 11 12 14 21 24 26 28 33 55 57 58 59 65 68 69 70 71 73 74 77 78 
20 115 69 27
1 2 3 7 11 12 15 16 21 23 24 30 33 34 39 42 49 53 55 62 63 67 69 75 76 77 83 
21 168 64 31
3 5 8 9 10 13 18 19 21 23 27 29 30 39 43 44 47 52 54 58 62 65 66 68 69 71 72 73 74 75 77 
22 125 90 28
2 10 12 14 15 18 19 24 33 35 36 40 44 45 48 49 50 55 57 58 59 65 67 73 75 79 83 84 
23 172 72 23
1 2 3 5 17 21 24 34 37 38 39 51 53 55 57 59 63 68 73 74 77 80 84 
24 144 76 27
3 4 5 7 8 12 23 24 28 29 30 34 35 39 43 48 54 62 63 68 69 74 75 77 78 79 80 
25 252 89 38
1 4 6 8 9 11 12 13 16 20 22 23 26 27 28 32 33 36 37 39 41 42 44 45 47 48 52 54 58 66 68 69 71 72 75 79 80 82 
26 132 64 34
7 12 13 14 17 18 19 24 28 30 34 35 39 40 41 43 44 47 51 52 54 55 59 62 70 72 73 76 77 78 79 80 83 84 
27 95 77 21
14 15 16 23 28 31 33 34 36 44 45 47 48 62 65 67 75 77 78 79 84 
28 113 61 34
4 6 7 9 10 13 15 17 19 20 24 25 26 31 37 40 44 46 47 48 54 57 58 59 63 64 66 67 68 75 79 80 81 84 
29 123 98 28
4 5 7 10 11 12 14 17 18 20 21 22 23 26 29 32 37 40 44 55 57 58 70 73 76 79 82 84 
30 103 79 24
1 4 6 7 10 11 13 15 16 23 24 30 40 41 46 48 49 53 61 66 69 73 82 83 
31 130 74 25
6 12 13 17 18 19 21 24 27 28 29 33 36 37 40 44 47 54 55 59 71 72 73 75 77 
32 75 82 23
6 12 16 18 19 20 24 25 30 44 45 47 51 56 57 58 59 67 69 73 74 81 83 
33 224 96 36
1 2 5 8 9 10 14 16 20 21 22 23 24 26 28 32 33 34 36 37 39 41 44 57 60 61 65 66 67 68 69 72 75 79 80 81 
34 218 88 31
5 6 9 10 11 12 13 24 29 31 33 34 35 39 44 45 49 51 53 59 64 66 69 71 74 75 77 78 79 82 84 
35 193 69 20
1 3 6 7 10 12 14 16 23 24 29 40 43 44 47 48 49 70 74 80 
36 62 104 18
10 12 20 38 42 45 46 53 57 61 62 64 65 71 75 78 79 84 
37 121 79 33
1 4 6 8 12 19 25 26 27 28 29 32 35 40 42 47 49 51 55 57 58 66 68 71 72 73 74 75 77 78 80 82 84 
38 144 60 25
2 4 8 9 12 14 16 20 21 25 27 31 37 42 47 55 58 65 66 73 74 75 77 80 82 
39 101 68 26
2 3 11 14 15 18 19 30 35 40 42 46 52 53 54 58 59 63 64 66 67 69 78 79 82 83 
40 82 62 27
1 4 8 9 15 18 21 22 24 26 30 33 34 37 39 46 47 48 51 58 63 65 69 71 75 79 81 
41 706 366 35
3 5 8 14 16 18 19 23 24 27 29 31 33 34 35 36 38 40 41 43 44 46 48 53 54 56 62 65 67 70 74 77 79 81 84 
42 247 88 24
2 11 16 25 26 29 33 40 45 48 49 56 58 61 63 65 71 72 73 75 76 80 81 84 
43 173 71 21
3 7 8 10 21 23 27 34 35 41 44 49 52 55 62 65 66 68 69 71 75 
44 203 81 31
1 4 5 8 9 12 13 14 15 26 28 41 42 44 46 51 53 54 56 57 58 59 61 62 63 65 67 68 69 71 77 
45 290 99 24
10 15 16 17 19 21 28 32 34 35 36 47 48 51 52 53 63 66 67 69 71 77 79 80 
46 79 81 18
1 6 15 16 20 22 26 28 30 32 33 49 50 56 60 72 81 84 
47 97 77 23
1 7 8 10 12 17 20 23 28 29 34 39 42 52 54 56 57 58 59 62 65 73 74 
48 230 105 38
2 3 4 5 8 9 14 16 18 19 22 24 25 26 28 31 34 37 40 41 43 44 46 50 51 54 57 60 64 65 66 67 68 73 74 78 80 81 
49 721 251 25
3 5 9 14 20 25 28 30 31 33 34 35 40 41 48 49 51 62 66 68 71 75 79 80 81 
50 193 75 33
3 7 9 10 14 16 27 28 29 30 31 34 38 39 42 43 44 45 46 47 48 49 50 51 53 56 63 66 67 70 72 74 80 
51 340 75 22
2 12 14 18 20 21 23 24 25 29 33 38 42 43 44 49 53 54 58 68 69 76 
52 115 63 27
8 9 13 16 18 31 33 35 39 44 45 46 53 54 55 56 60 63 65 66 69 72 73 75 78 80 84 
53 126 103 33
1 2 5 6 7 8 9 10 13 16 23 27 29 36 39 43 44 45 48 50 54 56 57 58 60 63 69 72 73 75 79 81 84 
54 80 69 23
2 5 8 14 15 19 24 29 32 33 34 35 38 49 53 60 64 65 66 67 72 73 74 
55 179 91 24
3 9 12 15 16 17 18 24 25 26 29 35 41 42 43 54 56 57 58 63 64 67 72 84 
56 248 92 28
1 2 7 10 11 12 16 18 19 24 29 37 41 44 45 48 57 58 59 67 70 72 73 75 77 78 79 82 
57 134 77 27
3 5 7 8 9 12 13 15 17 20 22 23 24 25 28 33 38 42 48 55 57 59 68 75 77 80 81 
58 157 88 31
1 6 7 9 12 13 17 19 21 22 24 26 28 31 32 35 39 40 41 45 49 51 53 58 66 75 78 79 80 81 82 
59 514 82 19
7 8 22 24 32 34 37 39 41 46 54 56 58 67 69 70 71 77 80 
60 179 74 23
1 4 8 10 14 16 25 27 31 34 36 49 52 53 56 61 62 65 71 74 75 80 81 
61 632 243 28
1 4 8 9 10 15 20 28 29 30 31 34 42 46 47 48 51 54 58 59 64 65 67 68 78 79 80 84 
62 857 299 34
4 6 7 14 15 16 19 21 23 25 30 40 42 43 48 49 51 52 54 56 57 66 67 71 74 75 77 78 79 80 81 82 83 84 
63 408 66 24
4 5 7 9 10 14 15 23 32 34 39 42 44 48 50 56 60 62 64 68 71 79 83 84 
64 235 93 30
1 3 4 9 10 12 13 14 20 23 25 29 32 40 43 46 48 49 50 54 59 62 63 66 72 73 75 78 80 83 
65 127 71 36
3 7 11 12 13 14 15 16 18 21 23 26 33 36 40 43 44 48 51 52 53 54 57 59 62 63 65 68 69 72 73 75 76 77 79 80 
66 153 66 19
1 2 10 14 16 20 24 25 28 32 42 48 50 53 60 64 67 68 75 
67 174 68 30
1 2 9 12 13 14 16 17 18 19 21 26 29 40 45 49 50 55 58 60 63 64 66 68 73 74 75 76 77 80 
68 232 80 31
2 5 6 8 10 15 17 21 22 26 31 34 38 40 41 43 44 48 53 57 58 60 63 65 66 68 69 70 71 79 80 
1 26 10721 65 75 448 6783
2 560 10167 29 13 441 5290
3 1319 5179 75 2 315 16185
4 1368 6010 4 18 276 12045
5 1740 11591 75 84 847 4730
6 2445 5405 77 21 35 6062
7 2567 6106 25 51 48 5236
8 2567 6106 25 88 48 5236
9 2631 10654 42 13 827 4020
10 2639 4909 75 2 45 5395
11 2640 5888 47 44 44 4502
12 2644 21502 53 37 846 7480
13 2737 5780 4 18 46 4015
14 2831 3725 2 10 50 2448
15 2931 8279 19 23 39 6786
16 2946 3073 79 17 6 374
17 2969 5482 70 21 49 3332
18 3021 3115 79 17 48 5236
19 3030 3556 53 63 31 2080
20 3127 7612 70 1 43 6039
21 3127 8665 78 26 39 5287
22 3127 8665 78 85 39 5287
23 3225 3323 53 44 50 2448
24 3273 3341 28 16 16 408
25 3325 3566 44 63 16 408
26 3330 21816 35 51 4170 12376
27 3350 8381 41 9 145 4130
28 3525 7504 56 58 129 3427
29 3552 20578 3 74 849 6358
30 3648 8380 77 61 46 4335
31 3667 6310 13 41 36 4906
32 3833 6179 39 65 45 3483
33 4052 4367 28 37 4 377
34 4163 5163 80 9 4 311
35 4363 4450 77 45 4 377
36 4429 13231 63 18 156 11388
37 4462 5555 10 20 183 446
38 5345 7663 65 71 37 2502
39 5473 10987 55 26 240 4844
40 5534 7495 34 73 25 2201
41 5534 6487 34 12 12 550
42 5649 9789 62 58 233 4180
43 5725 9801 69 9 127 4455
44 5850 7553 60 35 126 2124
45 5934 6984 53 19 29 413
46 5955 9496 74 2 230 3093
47 5959 8815 75 70 143 3697
48 5971 10674 77 54 240 3923
49 6055 6897 73 51 126 1614
50 6134 6459 3 44 6 289
51 6168 7489 72 62 144 1740
52 6261 6471 57 26 42 354
53 6338 7191 28 25 149 1392
54 6369 10777 37 8 33 6930
55 6375 6908 28 17 57 348
56 6438 9073 9 41 32 4989
57 6567 7482 12 73 12 550
58 6661 18480 35 51 834 6188
59 6735 11190 26 44 845 2450
60 6797 8485 26 48 845 2450
61 6935 19462 75 55 836 5642
62 7153 8211 21 24 154 430
63 7267 11172 43 11 942 1744
64 7443 8377 51 5 46 418
65 7463 11603 11 29 50 5616
66 7530 17570 75 53 845 4702
67 7642 10288 28 78 844 2009
68 7644 14891 11 53 32 9400
69 7746 14798 67 79 47 6956
70 7774 11294 58 60 42 3931
71 7847 18581 18 39 835 4400
72 7865 18238 30 58 301 11496
73 7940 16886 18 6 934 3231
74 8037 16371 23 6 144 828
75 8149 14071 55 40 30 7030
76 8160 8476 46 43 4 462
77 8233 10159 71 42 933 1220
78 8248 15571 46 77 27 8280
79 8338 15499 20 19 25 6292
80 8355 8688 24 33 34 346
81 8750 9652 16 77 7 357
82 8859 13114 63 18 39 5694
83 8955 15895 3 69 934 2746
84 9183 25297 28 80 1968 22620
85 9290 11172 84 11 942 1744
86 9952 13595 11 16 146 3848
87 10143 13293 40 7 144 3116
88 10455 11360 19 23 3 370
89 10831 11828 29 82 3 460
90 10953 12299 20 33 150 2060
91 10967 11267 58 4 3 470
92 11128 11775 24 73 146 1771
93 11228 11655 33 51 27 1336
94 11248 11335 30 68 5 386
95 11357 11465 78 7 3 370
96 11374 11499 50 57 44 1015
97 11374 13523 1 28 48 4984
98 11436 13287 61 48 45 3738
99 11525 23260 7 8 18 1029
100 11668 16306 77 8 447 3290
101 11675 28300 33 63 3256 678
102 11675 29114 33 63 4070 678
103 11736 16606 22 2 139 4082
104 11940 16292 18 73 132 2898
105 12057 12263 64 7 7 311
106 12064 12301 81 80 48 519
107 12158 15809 17 72 443 2401
108 12256 12455 53 39 7 311
109 12448 12560 7 69 7 311
110 13470 15808 23 55 38 2844
111 13572 16697 54 6 245 3530
112 13673 22377 84 7 140 7728
113 13761 15311 40 67 48 2076
114 13830 16194 28 21 243 3071
115 13849 14078 65 14 24 263
116 14652 17099 32 35 146 3312
117 14852 16790 19 50 139 2782
118 15351 22213 10 8 141 6646
119 15566 16413 68 61 44 1236
120 15730 17980 30 58 43 3832
121 15738 15879 31 1 22 309
122 15764 15876 31 1 38 988
123 15851 18368 34 88 37 2808
124 15851 18368 34 30 37 2808
125 15851 16991 52 24 41 3218
126 16027 16143 60 76 13 536
127 16037 16288 23 6 46 463
128 16039 17289 24 51 50 3344
129 16075 16263 23 6 36 414
130 16075 16263 23 6 36 414
131 16153 23316 73 3 247 6953
132 16163 17177 5 42 34 2407
133 16265 22993 19 79 32 6498
134 16368 18295 62 80 41 2134
135 16440 22817 11 71 248 5770
136 16455 22902 33 58 43 4613
137 16960 19002 35 64 238 2464
138 17273 18662 27 75 235 1995
139 17427 22758 50 73 132 7232
140 17954 21183 61 80 46 5840
141 18136 20987 4 50 30 4905
142 18173 21167 33 41 229 3816
143 18329 22592 27 25 133 6291
144 18367 23575 28 80 246 5655
145 18428 20903 12 58 229 3358
146 18534 20276 70 64 237 2130
147 18625 23291 77 41 245 4241
148 18639 26880 17 14 28 8460
149 18748 22181 17 31 145 2166
150 18843 26395 13 42 31 6175
151 18849 19238 68 72 79 355
152 18857 19991 68 6 226 1789
153 18861 21467 47 15 27 3553
154 18925 20041 47 46 70 460
155 18925 20495 47 5 140 1841
156 18926 25175 6 2 49 6138
157 18931 20000 47 46 48 361
158 19031 19179 39 71 5 365
159 19168 21401 13 35 50 2522
160 19540 19892 62 15 29 409
161 19630 21702 45 77 47 3688
162 19634 25009 80 15 40 4419
163 19942 26672 40 63 1628 1356
164 19955 21163 9 40 35 3134
165 19971 20216 84 9 70 460
166 20256 20353 5 80 11 461
167 20256 20353 5 80 11 461
168 20260 22715 78 70 142 3180
169 20337 22041 53 20 3 342
170 20353 22396 6 5 127 3392
171 20426 22467 37 74 135 2703
172 20774 21073 5 12 33 384
173 21029 22186 40 67 145 2544
174 21362 21444 57 13 5 276
175 21439 22457 54 39 5 276
176 21539 21807 24 63 135 2703
177 21632 21884 9 37 48 424
178 21653 25004 48 26 1644 989
179 22552 22644 39 68 5 276
180 23050 23245 7 8 3 343
181 23351 25858 33 63 814 339
182 23351 25858 33 63 814 339
183 23351 25858 33 88 814 339
66 283
1 314 314 43
1 2 8 10 15 16 21 22 30 34 36 37 39 42 44 52 54 55 57 59 60 65 69 70 73 79 87 88 91 103 107 108 114 118 119 120 123 128 129 131 132 139 140 
2 122 250 34
7 9 10 12 13 17 36 37 45 50 56 61 62 65 69 70 71 75 77 78 81 87 89 93 99 100 107 108 117 123 125 128 129 140 
3 30 76 40
1 9 11 12 13 18 19 22 36 37 38 44 45 56 62 65 67 69 71 73 75 76 78 79 81 85 86 87 91 102 108 115 121 123 125 127 128 130 139 140 
4 32 85 39
2 11 12 15 16 17 26 31 41 45 53 54 58 59 61 69 73 75 82 84 86 88 90 92 95 96 103 106 111 113 117 120 127 130 131 136 137 139 140 
5 79 85 37
4 5 7 11 13 21 31 33 34 37 39 46 48 52 60 62 67 68 69 70 73 78 87 91 92 97 98 102 106 108 112 117 119 122 128 130 138 
6 116 93 39
2 8 11 13 16 17 18 21 26 34 40 44 46 47 50 52 55 59 61 64 67 70 79 86 88 93 95 96 101 104 108 115 116 119 120 128 129 132 140 
7 119 93 34
2 10 15 19 22 23 25 26 29 32 34 38 42 43 44 54 62 67 71 73 77 79 89 92 95 96 103 108 115 117 127 130 132 139 
8 71 60 32
2 8 11 14 15 16 27 29 30 32 33 34 40 42 43 44 50 61 70 79 81 86 87 92 97 102 104 118 119 124 131 139 
9 73 84 38
8 10 13 23 30 31 36 37 38 40 44 45 46 53 55 65 70 72 75 77 80 82 84 87 90 91 94 99 101 102 103 106 121 123 129 130 139 140 
10 35 77 40
3 7 12 13 21 23 24 25 37 38 39 45 50 51 58 65 70 73 74 80 84 86 93 97 98 105 107 109 112 116 117 119 124 128 129 132 135 137 138 139 
11 64 66 29
6 7 11 23 31 37 40 42 46 59 68 69 70 72 77 78 79 81 100 103 108 110 115 119 121 122 125 136 138 
12 139 79 30
9 17 25 28 42 45 49 52 57 60 61 65 68 71 72 80 86 89 98 99 105 107 112 116 128 130 131 132 134 140 
13 98 86 38
3 4 11 13 15 19 22 23 25 44 47 52 56 58 65 66 68 69 70 76 77 78 79 81 87 92 100 102 103 105 112 123 127 130 136 138 139 140 
14 66 71 31
7 8 16 22 32 33 34 36 37 40 44 45 48 54 62 80 84 87 93 97 98 100 103 108 115 117 119 122 130 137 140 
15 32 78 28
2 16 19 24 29 31 34 46 55 56 61 67 75 76 78 86 89 91 101 107 112 115 122 129 131 135 138 140 
16 33 78 41
1 3 7 12 13 16 21 23 24 25 28 29 32 34 35 36 37 46 49 50 56 59 61 69 70 71 72 73 78 87 99 100 101 102 108 119 120 123 129 134 140 
17 129 76 32
1 3 7 10 13 17 31 32 41 44 52 56 65 69 70 71 76 79 84 102 103 109 118 119 120 126 129 130 131 136 138 140 
18 80 61 41
1 3 5 10 11 15 18 19 22 24 34 36 37 42 44 50 57 60 61 62 65 67 70 78 80 82 85 86 93 105 106 109 110 116 129 130 131 132 135 138 139 
19 34 75 38
1 7 10 12 13 21 25 33 36 38 39 50 51 56 63 69 70 71 72 74 86 88 92 93 96 97 98 101 102 103 109 111 112 114 123 124 126 134 
20 81 74 36
1 2 7 13 15 19 20 23 31 41 44 48 51 52 56 58 59 67 70 78 80 85 87 91 99 101 102 104 105 115 116 122 130 132 135 139 
21 71 61 32
10 11 12 14 18 25 33 34 35 38 40 41 42 43 45 56 59 62 67 79 81 92 94 95 96 97 100 103 112 116 131 140 
22 55 66 43
2 7 8 9 10 11 14 19 23 26 32 37 40 43 44 54 56 64 67 68 69 75 83 86 88 92 94 95 96 100 101 103 104 112 115 118 119 120 122 123 129 135 136 
23 95 79 46
2 10 13 19 20 26 40 44 45 49 53 54 55 56 59 61 64 67 69 71 76 78 85 88 89 92 95 97 98 100 111 112 115 116 118 123 124 125 126 128 132 134 136 137 139 140 
24 48 62 33
6 10 17 27 29 31 34 37 44 53 65 71 73 75 77 81 84 85 89 93 96 113 117 120 123 124 125 128 129 130 135 136 140 
25 110 89 31
1 7 9 11 16 28 29 37 38 42 43 52 63 66 69 70 73 81 82 87 93 96 100 101 104 108 131 132 136 139 140 
26 144 85 31
7 11 14 16 17 20 25 26 27 40 41 51 56 58 59 69 71 74 81 82 84 86 94 96 100 102 106 117 118 132 135 
27 37 78 24
3 7 11 13 15 23 24 31 37 39 42 47 56 58 65 73 78 79 81 87 112 113 134 135 
28 344 315 39
4 7 12 13 15 16 20 23 31 33 37 47 50 53 54 63 69 71 79 83 86 88 94 102 104 105 107 108 109 112 117 119 122 123 128 132 135 139 140 
29 69 88 44
2 7 8 10 11 13 15 19 20 24 28 37 38 39 40 42 44 45 51 54 55 56 57 58 59 69 70 79 82 86 88 92 94 96 105 109 115 116 119 123 125 129 133 139 
30 65 60 39
10 15 16 17 19 21 23 31 37 39 48 54 60 61 65 67 69 70 72 76 79 82 87 91 94 98 100 102 106 108 112 114 115 117 125 128 134 135 139 
31 375 248 34
3 5 7 8 26 27 33 38 41 44 48 50 53 54 60 68 69 71 78 81 82 85 88 95 121 122 127 129 130 133 135 137 139 140 
32 218 267 36
1 8 14 16 17 18 28 31 32 40 44 48 59 61 63 67 69 70 76 77 78 79 81 84 86 88 100 101 114 118 119 129 131 132 134 135 
33 92 94 19
12 14 15 21 44 52 55 61 66 71 73 89 94 116 120 128 129 132 134 
34 26 61 33
2 3 7 10 14 15 22 37 38 39 44 45 49 51 60 65 67 70 77 79 86 88 92 93 95 96 105 115 118 119 123 130 133 
35 71 64 36
3 5 7 8 10 11 13 14 19 30 32 36 39 52 59 62 66 69 76 77 87 93 94 96 98 112 114 116 121 127 129 131 132 133 138 140 
36 146 97 40
2 10 13 14 16 17 20 23 24 27 31 40 41 45 53 62 65 72 74 78 84 85 87 88 93 98 104 108 109 111 114 115 116 117 120 130 132 135 137 140 
37 135 74 34
13 14 17 20 21 22 24 25 35 36 38 39 44 45 49 53 57 61 63 66 71 93 97 103 105 109 114 123 131 132 135 137 138 140 
38 68 61 37
11 13 15 16 29 30 31 32 36 38 39 45 59 67 69 71 78 80 82 85 88 90 94 96 102 106 107 108 117 118 120 123 129 134 136 137 139 
39 66 89 31
7 13 17 21 26 29 30 32 34 37 38 40 41 43 44 49 51 64 85 89 93 94 96 102 115 123 129 133 135 139 140 
40 50 74 43
1 8 10 12 15 16 18 24 27 29 31 32 33 36 38 39 41 53 61 65 69 78 80 81 82 84 85 87 88 90 92 101 102 107 124 129 130 131 133 136 137 139 140 
41 146 283 30
3 7 15 21 23 30 33 37 43 58 60 61 70 73 77 81 84 87 100 102 108 110 115 116 117 119 124 128 130 138 
42 36 57 33
2 7 13 16 29 31 33 37 48 53 54 58 59 63 69 70 77 81 84 86 97 102 103 105 107 108 109 115 117 119 122 128 138 
43 79 67 32
2 7 9 10 15 31 36 37 39 40 49 53 69 71 73 76 77 82 92 93 99 101 114 115 116 120 123 124 125 132 133 138 
44 51 68 36
3 4 10 13 21 25 31 34 46 50 53 55 61 62 72 78 86 87 89 91 94 96 97 100 101 102 103 108 113 119 120 128 129 130 132 140 
45 216 82 33
1 5 7 8 20 21 23 30 33 37 39 43 53 56 60 64 65 66 68 69 70 77 78 81 94 95 100 102 105 115 122 136 138 
46 118 97 30
11 15 21 23 32 38 40 44 48 52 59 64 65 67 71 76 93 94 95 97 99 100 101 105 117 118 120 124 129 136 
47 319 245 37
5 8 10 11 13 21 25 27 29 30 31 32 43 44 52 53 54 64 67 79 82 85 93 94 103 106 110 111 112 115 117 118 119 123 124 139 140 
48 24 62 41
5 8 11 12 15 22 30 31 32 35 38 40 43 56 58 62 66 71 72 73 79 84 88 91 92 94 102 103 107 108 110 113 116 120 125 129 131 133 134 139 140 
49 124 58 31
10 11 12 13 16 23 26 27 31 32 36 40 44 56 72 88 93 98 102 104 105 107 109 111 116 117 118 126 134 136 139 
50 140 89 25
16 17 27 30 31 35 48 59 61 69 72 75 76 84 86 91 94 105 107 113 120 122 131 133 139 
51 75 75 32
3 6 8 24 27 32 35 37 41 44 46 53 54 59 63 65 78 79 81 87 102 110 113 114 115 121 125 130 131 132 135 140 
52 26 58 33
2 5 8 9 10 13 16 19 24 27 30 41 54 59 62 64 65 66 70 87 94 98 99 102 103 105 108 115 121 124 128 131 132 
53 69 58 37
7 8 11 15 21 31 32 37 38 40 48 52 54 60 61 65 66 67 68 76 81 82 85 95 101 107 110 112 116 117 120 132 133 135 136 139 140 
54 102 87 36
9 13 20 23 29 32 36 40 46 48 50 54 55 69 75 78 82 85 87 90 93 94 101 102 104 107 117 119 120 128 129 130 133 135 139 140 
55 127 78 27
5 21 22 33 35 37 43 44 52 55 59 60 61 67 69 88 93 98 106 109 110 119 120 126 131 132 139 
56 40 62 46
1 8 11 12 13 14 15 18 20 21 23 24 28 29 35 38 40 44 45 46 49 51 58 60 63 70 73 79 81 85 87 90 93 98 99 101 104 107 115 118 119 122 128 129 134 135 
57 43 68 34
3 10 13 30 40 42 44 46 48 53 56 60 61 66 71 72 75 76 84 88 89 98 99 101 102 103 105 107 109 113 120 128 138 139 
58 337 294 22
3 14 17 32 35 45 56 62 72 74 76 80 88 93 106 107 112 114 118 122 131 140 
59 251 307 36
7 10 11 29 30 36 37 42 43 44 49 56 59 62 67 79 80 82 88 92 94 95 100 103 105 106 108 115 118 120 122 123 133 135 139 140 
60 208 198 42
1 11 15 17 18 22 23 31 33 37 38 40 41 54 59 60 65 68 69 70 76 79 81 85 88 96 100 103 107 110 112 113 115 122 123 125 128 131 132 134 139 140 
61 142 88 38
8 9 13 15 21 23 24 28 29 31 37 39 43 44 45 52 60 61 63 65 66 72 79 86 87 91 92 94 98 100 105 115 125 128 131 137 139 140 
62 47 59 43
13 33 35 36 37 38 40 44 45 48 52 53 56 57 59 61 65 66 75 77 79 80 87 89 92 93 94 96 98 99 105 107 108 111 116 120 121 123 128 130 131 134 139 
63 76 70 30
2 3 5 8 9 10 11 16 26 32 33 36 40 44 65 81 82 87 95 96 99 101 103 107 108 115 121 135 136 139 
64 118 95 38
5 14 15 20 31 33 34 37 44 50 55 61 65 69 70 73 79 82 85 86 87 93 96 98 99 103 105 113 114 115 116 119 128 131 132 135 138 140 
65 76 65 40
8 9 10 11 14 16 23 26 27 30 31 32 40 41 45 58 63 65 68 69 76 78 86 87 88 92 93 99 103 104 106 112 113 118 119 122 131 136 139 140 
66 86 59 39
7 9 13 14 15 23 28 36 37 39 44 55 59 61 65 69 70 71 73 78 80 85 86 88 91 97 102 104 105 106 116 117 120 122 129 130 131 134 135 
1 57 3101 14 68 224 3248
2 158 1047 127 21 448 1392
3 316 663 127 21 64 464
4 321 2831 127 45 234 2663
5 512 4246 137 1 133 5967
6 599 2524 53 39 207 2403
7 599 1525 53 55 64 464
8 692 3474 31 128 41 5670
9 789 4016 54 14 126 4236
10 799 3382 102 86 45 4139
11 1008 3810 124 85 116 4713
12 1162 3303 131 14 40 4356
13 1170 3534 43 20 109 3346
14 1280 3255 131 122 24 4876
15 1342 2995 93 92 39 3702
16 1347 3173 103 1 28 3683
17 1460 2379 21 39 93 532
18 1477 2869 63 49 23 3092
19 1573 2610 98 40 22 3109
20 2001 2216 42 141 17 362
21 2001 2216 42 27 17 362
22 2038 6768 37 49 227 6305
23 2117 2333 42 27 109 3346
24 2288 5902 137 108 213 4602
25 2468 6471 65 74 134 1878
26 2468 2727 65 79 44 313
27 2571 5623 66 135 210 4665
28 2609 18505 53 75 878 7769
29 2686 4898 61 84 129 1539
30 2686 3045 61 70 64 384
31 2686 4324 131 78 39 2184
32 2776 4137 84 10 32 1681
33 2847 3436 133 127 25 1880
34 2854 3110 61 70 129 1539
35 2858 5321 56 132 196 3635
36 2959 3237 37 7 15 351
37 3141 3311 131 54 45 1654
38 3507 17566 138 84 874 5826
39 3642 4039 45 26 22 1878
40 3698 7503 101 86 36 1616
41 3813 10394 7 93 26 5421
42 3898 12864 8 70 214 5010
43 3999 9500 56 31 31 4391
44 4104 8530 51 47 42 5490
45 4191 9362 44 69 9 4282
46 4378 19364 70 98 878 7168
47 4446 16585 119 139 861 6603
48 4459 6944 86 45 31 3924
49 4547 6830 50 92 28 2746
50 4729 18453 36 131 150 13020
51 4857 5889 33 38 14 3453
52 4935 22433 88 70 1540 5170
53 4940 5035 69 97 5 327
54 4954 5688 69 32 11 2306
55 5026 11760 31 22 140 7200
56 5053 5213 109 10 5 274
57 5053 5213 109 10 5 274
58 5220 5313 97 75 3 431
59 5228 11465 59 62 137 6480
60 5290 18404 3 13 887 6379
61 5295 8558 12 61 414 2485
62 5385 15674 40 56 857 4486
63 5464 16461 24 58 612 10434
64 5489 12584 19 140 224 4108
65 5492 11159 28 4 123 6336
66 5678 8270 7 79 42 4666
67 5679 10214 99 15 120 5637
68 5760 9253 15 71 14 3293
69 5760 15423 140 56 126 21600
70 5770 12259 95 120 197 4158
71 5776 8054 20 129 412 2211
72 5801 8168 133 103 25 4446
73 6081 11367 65 86 207 3081
74 6257 17463 19 24 861 5519
75 6263 7573 105 75 397 2137
76 6521 20859 51 82 1537 4032
77 6638 7959 96 43 25 3406
78 6722 7347 13 75 164 442
79 6927 24432 117 63 1547 3817
80 6927 24432 117 142 1547 3817
81 7117 7301 119 101 5 366
82 7120 7278 119 101 5 378
83 7198 16503 115 15 870 5039
84 7397 7471 101 86 4 404
85 7846 15993 70 104 890 3872
86 7921 14181 13 39 34 9860
87 8018 8248 98 77 4 417
88 8030 13638 45 101 137 7208
89 8121 19261 23 43 1523 4291
90 8125 13873 108 66 30 7789
91 8203 13419 71 7 123 5550
92 8339 14657 129 60 226 7168
93 8393 13213 120 81 120 6487
94 8509 22833 132 37 1547 3320
95 8589 12755 59 38 106 4051
96 8591 14367 84 33 217 6236
97 8787 12769 90 44 28 3717
98 8895 14068 31 81 209 5806
99 8972 13780 89 132 17 8381
100 9001 12859 45 68 230 2824
101 9062 15295 95 61 419 5302
102 9077 13697 101 52 13 6620
103 9236 12585 117 67 223 2118
104 9283 11163 106 81 32 3159
105 9356 14732 46 105 127 7021
106 9371 10696 25 77 11 2639
107 9449 15006 102 14 876 3136
108 9458 18333 36 131 30 6510
109 9515 23079 62 119 172 3010
110 9518 14445 61 17 133 5265
111 9540 14829 100 66 408 3764
112 9555 12306 79 100 213 2400
113 9706 33633 94 112 1550 6255
114 9725 10017 81 138 28 334
115 9732 17648 129 10 1520 3306
116 9740 14270 34 39 110 4914
117 9805 19898 46 69 18 1092
118 9805 13786 58 117 200 5362
119 9896 12659 79 91 116 3896
120 9988 14358 139 71 402 4665
121 9999 20199 130 38 790 5357
122 10006 10349 84 131 46 342
123 10082 21203 130 106 1530 2900
124 10187 17208 130 65 124 5404
125 10280 18440 68 7 420 5244
126 10303 10611 138 80 46 342
127 10313 10582 42 76 15 2495
128 10367 14309 131 56 45 4802
129 10382 14090 96 11 873 3368
130 10406 16717 54 128 28 5077
131 10470 13899 22 76 391 2785
132 10480 16986 119 52 119 3998
133 10485 10662 7 135 16 378
134 10499 10598 92 76 6 413
135 10577 16218 17 27 120 6180
136 10586 14202 8 66 45 3697
137 10595 15864 134 21 13 5273
138 10657 14062 137 36 28 3889
139 10659 16156 78 112 107 4701
140 10776 13976 88 124 28 3068
141 10779 16066 116 11 118 4635
142 10835 10943 117 93 2 523
143 10840 16530 17 142 220 4774
144 10840 16530 17 50 220 4774
145 10842 19339 47 21 786 4607
146 10928 15951 24 58 102 3478
147 10934 15084 56 99 103 4820
148 10947 12558 7 31 3 432
149 10962 14173 102 121 141 2355
150 11144 16252 45 9 224 3580
151 11148 14226 59 123 101 3800
152 11152 15499 97 90 31 6000
153 11162 11331 87 34 16 370
154 11250 17958 6 120 421 3723
155 11256 31288 110 31 878 8960
156 11257 15396 136 58 36 4560
157 11323 12025 139 11 34 483
158 11332 32025 21 25 1528 5191
159 11345 12561 37 113 292 522
160 11416 13900 38 112 33 2784
161 11420 14888 79 52 11 4315
162 11503 14738 24 9 47 4560
163 11511 11635 32 125 2 479
164 11520 15311 140 56 14 5400
165 11683 27798 19 62 777 7884
166 11684 14631 94 95 19 4104
167 11689 17443 140 132 403 3933
168 11713 18503 31 30 773 4660
169 11716 13719 75 92 437 414
170 11723 13906 128 54 34 3693
171 11724 19603 75 142 1530 2788
172 11724 19603 75 108 1530 2788
173 11785 12603 116 131 140 2119
174 11788 16713 59 83 38 6855
175 11802 15946 97 41 203 3723
176 11869 12089 120 16 17 351
177 11892 12375 31 5 2 479
178 11899 13796 129 130 235 2324
179 11903 13706 68 114 32 2060
180 11991 12468 135 37 28 448
181 12081 15654 15 3 207 2541
182 12157 13800 33 40 30 3511
183 12196 29674 107 82 877 7616
184 12197 13544 13 71 233 1626
185 12379 17017 36 130 404 3201
186 12454 13214 53 26 218 1673
187 12541 26855 78 35 787 6307
188 12643 17532 100 8 769 4146
189 12648 16505 106 63 24 5758
190 12734 16428 14 87 21 5895
191 12739 12849 126 76 3 375
192 12841 15598 57 64 131 2460
193 12907 15223 59 73 36 6383
194 12926 14791 21 44 7 4376
195 12936 30458 46 139 1533 5129
196 13032 15029 121 140 35 5234
197 13033 13987 99 136 128 1820
198 13094 13579 98 94 17 2769
199 13103 28709 65 38 861 6540
200 13103 28709 65 144 861 6540
201 13187 13305 139 135 3 442
202 13225 14148 36 16 19 5170
203 13281 13998 82 17 18 3716
204 13286 13590 70 3 18 438
205 13378 13923 129 136 64 455
206 13394 13923 129 136 43 410
207 13415 26012 65 30 760 5676
208 13539 14375 122 71 419 5302
209 13556 14358 122 71 402 4665
210 13750 37689 52 72 1537 6705
211 14032 27153 105 93 860 6854
212 14222 25155 74 13 770 5550
213 14449 15364 61 21 70 437
214 14524 28836 59 60 1511 4464
215 14626 15594 136 86 25 1500
216 14704 15131 88 119 30 1230
217 14811 16537 81 18 35 2976
218 14901 16428 94 101 42 2410
219 14977 16349 23 38 18 2440
220 15001 15405 134 40 203 3723
221 15104 18890 83 127 30 3030
222 15161 18777 115 130 25 2666
223 15175 15467 15 132 14 401
224 15367 36089 32 107 1528 5967
225 15447 15670 59 23 19 333
226 16016 22290 73 37 45 6064
227 16035 18649 80 140 13 2605
228 16135 22172 77 87 32 4608
229 16221 17828 44 103 8 2292
230 16223 16713 44 107 6 303
231 16223 16711 44 107 4 434
232 16239 25007 51 40 402 6132
233 16331 18978 54 85 213 1810
234 16397 46687 14 93 1540 7904
235 16608 18687 123 128 233 1339
236 16688 24535 86 81 418 4415
237 16694 16899 45 102 4 573
238 16960 34481 103 11 1520 5095
239 17055 21676 130 28 28 4305
240 17134 20860 116 70 15 3640
241 17149 24031 70 15 385 4415
242 17621 23588 134 10 401 3752
243 17983 45099 113 112 1533 6639
244 17996 31681 68 127 795 5760
245 18073 20008 49 54 127 2135
246 18073 20008 49 142 127 2135
247 18189 26658 134 126 213 6440
248 18371 19807 128 41 125 1900
249 18489 24992 58 13 228 4680
250 18544 32880 64 19 1511 4773
251 18563 19633 13 18 110 1622
252 18586 20256 10 116 108 405
253 18736 33432 140 117 875 4650
254 18944 30823 23 112 777 5011
255 18952 23023 121 57 39 2034
256 19015 20647 62 112 13 339
257 19031 22950 62 119 43 1505
258 19316 24131 108 65 217 4024
259 19610 19883 46 69 3 364
260 19613 43475 139 82 1523 6639
261 19771 29981 129 16 778 4953
262 19810 26421 21 5 227 5731
263 19864 25819 13 96 36 4368
264 20072 26113 89 78 196 5023
265 20165 20619 133 67 4 329
266 20236 23846 77 73 211 3744
267 20343 32544 123 16 893 3394
268 20371 25818 29 44 210 4069
269 20621 22229 110 33 21 376
270 20629 28327 119 37 760 4109
271 20727 25721 94 11 25 3407
272 21095 23160 123 81 200 3259
273 21216 41867 94 73 1516 5908
274 21314 31533 44 103 858 3441
275 22208 22928 112 119 21 376
276 22251 30604 79 108 876 2409
277 22313 24875 119 64 19 3887
278 22421 24600 93 111 8 2998
279 22609 22777 72 69 4 309
280 23446 26500 39 118 1528 5967
281 25041 26125 40 31 116 310
282 25041 26022 15 18 141 450
283 35630 38694 78 88 1533 6639
68 283
1 59 101 31
10 23 26 27 28 32 33 40 43 51 55 57 58 67 69 74 77 78 82 88 89 90 95 103 111 114 117 119 120 123 125 
2 35 76 26
5 8 18 25 31 47 51 52 65 66 69 70 71 77 81 89 90 92 93 95 97 102 104 108 110 120 
3 250 447 33
1 4 7 13 14 18 25 26 28 30 46 49 50 51 52 55 60 63 66 67 68 69 71 72 79 82 84 85 87 94 101 102 112 
4 51 110 30
1 5 6 13 14 15 16 22 25 38 39 42 43 44 51 54 60 62 69 70 72 77 82 83 92 103 108 116 118 124 
5 157 109 25
7 11 15 16 28 29 31 33 35 38 45 54 63 80 81 94 100 106 108 113 115 117 118 120 124 
6 116 279 32
7 10 13 14 18 21 23 30 37 41 46 50 53 55 58 60 67 68 71 75 76 78 79 87 94 99 106 108 110 116 120 124 
7 89 83 27
1 2 14 21 26 32 39 43 54 58 64 68 71 73 74 79 80 81 92 95 99 101 105 118 120 121 123 
8 52 86 43
4 6 7 8 11 14 15 16 17 20 21 23 26 29 35 41 42 44 47 48 52 59 60 61 63 65 66 68 69 71 72 77 81 89 92 94 101 103 104 107 115 120 123 
9 268 341 42
2 3 5 14 22 23 28 29 32 34 35 43 47 54 56 58 59 60 62 64 71 72 79 81 87 88 89 92 94 97 102 103 104 107 108 110 111 113 114 116 121 125 
10 92 74 22
1 2 22 26 37 43 45 48 55 57 58 63 65 66 74 77 79 82 105 106 107 125 
11 159 117 34
2 9 10 12 15 18 20 22 28 29 37 38 39 41 43 48 54 58 60 67 69 72 82 90 102 107 108 110 112 113 115 118 124 125 
12 41 108 28
1 3 5 16 24 26 30 31 35 37 44 48 51 60 64 77 80 82 85 98 100 101 105 106 110 112 113 124 
13 216 120 37
1 15 17 18 19 20 24 25 28 31 36 41 46 50 51 60 70 75 78 79 80 84 85 94 95 97 99 104 106 109 110 112 113 114 121 123 124 
14 74 123 30
4 7 9 11 12 13 15 17 29 38 54 56 58 77 79 88 96 97 99 101 103 107 110 112 115 116 120 123 124 125 
15 168 124 35
14 15 20 21 23 25 26 29 31 32 35 37 39 41 42 45 50 61 64 67 69 72 73 74 79 86 89 90 91 101 106 107 109 115 121 
16 132 96 29
2 3 7 9 11 20 23 24 26 29 31 32 38 40 44 51 54 58 69 73 80 89 90 95 100 102 103 110 114 
17 39 82 29
6 7 13 14 20 21 25 26 33 35 37 41 43 50 68 71 74 77 79 81 90 97 101 105 106 113 118 120 123 
18 45 99 19
6 7 8 9 12 14 26 56 57 66 78 79 90 96 104 115 117 121 125 
19 265 427 28
5 11 13 14 18 21 26 28 29 34 39 43 51 58 59 72 77 81 84 85 93 98 106 107 110 112 116 124 
20 93 73 34
1 6 23 24 25 33 41 44 48 54 55 58 61 69 72 78 81 85 86 91 94 96 100 101 103 108 109 111 118 119 120 122 123 124 
21 168 103 31
2 7 19 20 22 24 26 33 38 43 44 45 60 64 68 71 72 73 74 77 80 82 84 85 91 95 102 105 110 119 123 
22 164 99 31
1 3 4 5 10 11 18 23 24 36 37 42 56 60 61 63 65 70 71 72 75 86 94 96 97 100 101 102 103 106 107 
23 275 297 40
2 6 8 9 11 12 15 16 22 25 28 31 34 35 37 38 46 47 54 62 71 72 79 82 83 87 91 92 97 101 103 104 105 107 108 110 112 118 123 125 
24 127 119 29
3 5 7 11 14 16 20 28 29 34 42 47 50 51 56 58 60 62 76 89 92 95 102 103 106 108 115 116 125 
25 721 386 37
1 6 13 14 18 22 38 42 43 51 57 58 60 61 62 63 64 66 67 68 70 77 84 85 87 88 92 93 94 95 97 103 106 111 113 116 121 
26 342 282 30
16 20 24 26 31 33 36 41 51 55 56 58 63 65 67 69 75 78 80 83 84 85 89 90 94 102 103 109 123 125 
27 55 108 36
4 7 8 10 16 17 18 24 25 37 43 45 48 49 57 64 69 72 74 75 82 86 87 89 91 95 96 97 99 100 102 103 104 106 117 124 
28 141 101 26
1 2 3 5 8 13 17 29 37 43 47 48 52 54 55 60 63 64 65 69 74 98 99 108 123 125 
29 115 124 35
2 11 13 14 21 23 25 28 29 35 37 44 51 53 60 62 67 70 77 78 80 81 83 86 89 90 99 100 102 106 113 117 118 120 125 
30 156 120 28
5 6 13 14 15 16 17 18 31 37 38 39 42 54 56 57 62 74 82 92 93 95 100 115 116 117 121 125 
31 234 120 30
8 13 14 15 18 24 30 39 42 48 55 57 63 66 68 79 85 86 87 89 94 96 97 99 102 108 114 115 117 121 
32 86 107 31
2 4 5 11 15 20 29 30 34 38 39 40 51 55 58 59 62 63 68 87 92 93 102 105 106 107 108 113 116 118 123 
33 50 115 38
4 8 9 13 14 15 21 23 28 30 31 32 38 46 50 51 54 56 63 66 68 69 71 73 84 85 89 93 94 95 101 104 105 108 109 112 115 117 
34 235 102 22
3 11 16 22 27 36 45 47 48 52 58 61 67 75 79 85 91 96 100 109 111 121 
35 40 101 29
4 5 6 7 12 15 22 25 34 43 51 57 58 62 64 69 78 89 94 97 99 102 103 111 119 120 121 124 125 
36 129 97 37
1 3 5 10 11 12 15 17 25 31 33 42 46 47 49 51 54 64 67 69 70 72 73 78 79 80 86 97 102 103 112 115 117 119 123 124 125 
37 68 77 33
1 8 12 20 21 32 33 35 38 39 41 44 46 50 51 55 60 68 69 71 72 78 79 80 88 95 97 99 102 106 110 123 125 
38 213 115 35
1 5 9 11 12 14 15 17 18 22 34 35 46 52 56 57 61 66 73 77 79 81 84 87 90 91 94 96 100 101 102 109 116 120 125 
39 47 108 27
1 5 6 11 14 21 30 31 33 34 35 41 45 54 57 59 60 63 64 67 77 90 103 114 115 123 125 
40 120 124 44
1 2 7 8 9 10 14 15 20 22 26 28 31 35 39 41 43 44 45 47 51 55 62 64 67 74 79 81 88 95 98 99 103 105 107 108 110 112 113 114 118 120 123 124 
41 108 114 35
3 5 7 10 12 22 24 25 26 28 33 43 45 50 54 57 60 63 64 67 72 73 75 85 87 89 91 97 98 100 103 106 117 119 123 
42 169 124 33
3 8 11 12 16 21 22 24 29 30 32 36 38 43 44 45 47 55 61 64 78 80 86 89 91 101 104 110 117 118 120 121 123 
43 42 111 38
8 14 16 18 19 23 25 26 28 29 31 38 41 44 45 50 54 55 58 61 62 66 72 74 75 77 79 82 83 87 88 106 111 113 115 120 124 125 
44 153 91 41
4 6 12 13 15 17 18 31 33 37 43 46 48 49 50 52 54 55 57 60 61 62 65 71 72 73 79 82 84 86 97 99 102 104 106 107 108 112 119 124 125 
45 50 96 25
2 5 9 11 13 26 35 38 41 56 58 67 69 81 83 84 93 95 99 100 109 110 114 115 117 
46 202 107 39
13 14 15 21 22 26 32 33 38 39 40 46 51 52 54 57 60 61 63 69 72 77 89 92 93 96 97 101 102 103 105 110 113 115 116 118 120 123 124 
47 569 416 30
8 11 13 14 26 38 44 45 46 60 61 64 65 69 77 81 87 97 98 101 103 104 105 107 108 109 110 114 115 120 
48 151 96 43
2 4 5 8 13 17 18 20 23 25 26 28 32 34 35 39 41 46 54 55 57 64 67 69 77 78 79 81 85 90 93 94 96 99 101 103 104 108 110 115 116 117 123 
49 41 111 26
1 5 7 14 15 28 42 43 52 54 56 57 62 66 72 84 89 93 98 104 106 108 109 112 113 117 
50 92 90 25
2 4 7 14 15 24 28 31 38 39 42 43 54 69 78 95 96 102 104 106 109 113 116 120 124 
51 492 439 35
1 7 14 15 21 22 26 28 30 35 37 39 48 58 60 62 68 73 74 79 80 85 89 90 91 95 98 101 109 112 113 120 123 124 125 
52 577 333 24
5 7 8 10 21 24 26 31 39 45 49 60 74 79 89 91 92 93 98 99 102 103 119 124 
53 40 83 31
1 5 10 13 17 25 28 34 36 37 50 51 52 56 58 60 67 72 79 98 102 104 106 109 110 112 116 119 120 124 125 
54 44 89 27
1 3 5 8 10 13 15 18 24 29 36 43 45 47 58 65 68 74 79 84 88 94 96 100 117 119 121 
55 92 120 35
4 6 7 8 11 13 15 20 25 28 29 38 45 48 56 58 59 60 65 69 72 81 83 89 94 101 103 104 105 106 110 115 120 124 125 
56 40 78 27
4 5 8 9 10 11 15 17 24 33 36 38 42 52 58 61 67 72 75 91 94 96 103 106 113 117 121 
57 49 92 27
10 11 22 33 36 43 48 56 57 61 63 64 67 73 78 85 91 97 98 104 108 116 117 119 120 121 123 
58 108 73 35
5 7 12 16 18 21 22 25 28 30 34 35 38 43 48 50 51 55 56 64 65 69 80 86 91 97 98 100 101 104 108 111 119 124 125 
59 97 82 34
7 10 15 17 18 26 27 31 33 36 37 45 49 52 54 56 60 61 62 65 67 73 85 86 89 91 92 94 97 101 106 112 117 121 
60 173 122 30
2 7 8 11 20 24 27 32 34 55 58 64 66 68 72 73 74 76 77 78 85 88 90 91 98 102 109 118 121 123 
61 71 103 36
7 10 19 21 22 23 26 31 35 37 39 47 50 52 54 60 66 68 70 75 77 79 83 85 87 97 101 103 104 105 106 107 116 118 121 123 
62 69 115 34
1 3 4 7 10 12 16 17 18 24 29 31 33 36 43 46 51 56 57 63 64 67 72 75 81 84 86 87 88 94 97 103 108 110 
63 34 103 31
4 6 20 23 24 33 35 37 39 41 43 46 52 53 58 66 68 69 70 75 77 80 84 89 90 94 97 102 113 120 123 
64 222 122 32
3 7 8 9 11 14 15 21 32 34 37 38 43 49 54 58 60 61 64 66 69 79 86 89 93 96 98 101 103 106 107 125 
65 65 110 28
1 6 8 28 31 34 41 43 44 45 46 47 51 55 57 58 66 67 69 71 77 80 81 102 103 108 117 125 
66 41 82 30
4 5 6 9 14 17 21 23 24 26 31 38 42 43 52 60 74 88 94 95 96 97 101 102 106 107 108 112 117 123 
67 47 108 35
1 2 5 8 12 14 20 24 29 30 34 35 38 44 45 46 47 58 61 64 68 69 77 78 79 80 81 88 89 104 106 109 116 119 124 
68 128 124 36
3 7 11 17 18 24 28 29 34 35 37 38 43 47 48 51 53 54 58 62 67 69 73 81 83 86 89 90 91 94 101 106 111 113 124 125 
1 80 12504 125 78 764 6240
2 155 2460 113 84 43 2436
3 311 2254 100 60 53 1705
4 402 6633 90 4 171 8370
5 870 11631 33 76 767 4742
6 1288 7028 15 84 180 6244
7 1618 6304 64 123 32 6400
8 1618 6304 64 129 32 6400
9 1636 6432 38 104 174 6612
10 1733 13119 44 47 536 5840
11 1754 10830 35 7 747 5054
12 1755 10797 78 69 1350 20488
13 1818 6434 24 107 169 2840
14 1818 6434 24 127 169 2840
15 1857 5922 45 37 33 4672
16 1947 6177 24 91 154 6779
17 1962 10365 115 93 165 8024
18 2071 5770 58 75 15 4608
19 2081 6143 96 19 152 2215
20 2083 7332 82 35 36 4760
21 2200 5788 119 74 157 5223
22 2222 10078 119 82 167 6098
23 2222 7237 6 61 53 3855
24 2298 7093 42 60 19 4141
25 2309 5410 101 16 16 4158
26 2321 12482 43 1 506 5022
27 2333 5778 106 77 152 2016
28 2444 9854 124 106 148 6900
29 2577 6884 15 84 36 3122
30 2583 9958 113 11 750 4125
31 2943 11865 36 127 519 4496
32 2943 11865 36 72 519 4496
33 2960 7248 58 71 192 15808
34 3041 3321 10 107 21 413
35 3169 10352 80 6 30 7106
36 3233 12883 60 101 1626 14514
37 3252 8541 69 116 53 1855
38 3283 10218 121 13 48 5400
39 3414 10058 96 87 13 5471
40 3481 43935 39 35 1964 8580
41 3486 11246 17 25 489 3666
42 3511 9597 78 69 150 5122
43 3516 9997 54 34 31 4806
44 4006 8658 69 97 252 6657
45 4097 7356 77 124 42 1465
46 4339 4597 51 79 3 259
47 4586 4695 125 106 3 320
48 5035 6031 121 112 135 459
49 5197 12108 25 3 1340 2020
50 5482 5784 115 77 152 2215
51 5540 7570 4 120 41 4650
52 5543 41876 59 83 1939 7378
53 5676 7341 59 73 52 3673
54 5729 26176 18 116 6144 21016
55 5751 13887 54 70 288 6720
56 5778 6029 108 71 3 414
57 5896 6853 117 110 101 416
58 5920 7080 58 71 24 3952
59 6016 6150 102 1 9 390
60 6026 6113 102 1 3 414
61 6101 13209 35 110 1125 2982
62 6131 11873 28 106 268 6048
63 6142 6981 95 63 35 2607
64 6358 6587 1 18 8 321
65 6393 9605 92 22 37 3312
66 6467 11528 60 101 271 4838
67 6495 8794 112 62 40 4180
68 6548 6650 85 108 52 3673
69 6581 8767 111 107 50 3951
70 6598 6959 55 63 13 459
71 6606 6948 55 63 8 465
72 6622 8421 22 16 55 3511
73 6733 8565 73 71 38 2682
74 6828 8301 119 56 23 2967
75 6862 11162 68 69 251 5261
76 6940 7064 108 71 8 658
77 6984 8444 34 60 48 3160
78 7070 7713 28 64 7 494
79 7076 8212 28 101 38 3089
80 7076 7685 28 64 19 772
81 7082 8266 98 52 20 2914
82 7089 7353 98 17 10 383
83 7194 8165 50 42 33 2963
84 7293 7561 97 86 8 368
85 7308 12039 103 64 1122 2504
86 7343 7669 97 96 21 2065
87 7459 7958 97 15 31 2496
88 7535 39831 60 21 1947 6091
89 7555 7969 41 64 41 465
90 7579 17274 88 37 1386 7872
91 7648 8286 86 52 10 383
92 7698 12723 63 13 287 4069
93 7766 7922 18 15 13 592
94 7788 9029 43 64 59 3171
95 7941 8779 124 26 45 2663
96 8013 8448 69 97 42 2219
97 8029 12115 95 72 520 2618
98 8042 12360 67 94 281 2970
99 8057 8169 69 89 18 532
100 8142 16432 34 44 49 8531
101 8151 8399 94 97 18 532
102 8263 18462 84 41 288 7488
103 8287 8688 64 37 49 439
104 8379 10833 121 17 285 2534
105 8614 11537 87 67 534 2172
106 8728 10458 92 38 286 1900
107 8878 12015 87 51 270 3621
108 9115 10079 104 35 268 2153
109 9225 16282 107 55 48 6057
110 9246 11608 108 125 264 2316
111 9248 9639 108 105 44 313
112 9253 10890 68 108 503 1963
113 9336 16144 66 123 32 6568
114 9337 18089 95 118 282 6065
115 9567 13289 35 84 274 3283
116 9608 37818 124 71 1922 6345
117 9610 10034 2 56 75 330
118 9932 18099 10 85 52 6084
119 9932 18099 10 126 52 6084
120 9957 16046 87 20 31 4361
121 9964 12102 79 24 271 2790
122 10083 11379 32 96 276 1444
123 10152 13296 47 84 53 1735
124 10200 16853 92 45 271 5765
125 10293 11733 123 43 257 2790
126 10308 17935 14 102 32 5475
127 10311 10734 123 21 108 558
128 10389 17587 101 52 35 4380
129 10395 11036 25 3 268 1010
130 10503 16530 47 35 265 4245
131 10513 13213 29 98 49 1544
132 10556 12018 20 24 30 1504
133 10637 21665 125 5 764 6110
134 10681 11897 29 45 45 1293
135 11270 11621 80 3 36 468
136 11459 20800 18 116 768 5254
137 11707 27836 86 60 1000 5745
138 12084 13905 84 108 157 2808
139 12294 19953 79 61 747 5071
140 12319 19002 8 72 283 5076
141 12338 13652 57 109 162 2049
142 12417 18056 67 14 176 7500
143 12441 16384 16 67 15 4599
144 12547 12770 22 74 5 449
145 12580 12825 12 64 54 341
146 12584 13401 12 74 140 2302
147 12671 17831 31 94 168 6150
148 12686 16746 24 67 172 3200
149 12703 18664 90 38 291 3654
150 12771 26757 7 1 1008 4768
151 12804 13094 103 105 39 351
152 12903 13055 17 11 5 338
153 12930 16519 44 104 171 2624
154 12936 18330 51 81 41 5504
155 13130 17227 34 93 280 2961
156 13158 16257 114 106 155 2336
157 13163 19116 21 118 751 4570
158 13172 13555 52 74 53 424
159 13172 13542 52 74 40 433
160 13284 18175 73 24 31 4017
161 13403 14518 122 88 52 1268
162 13488 15238 11 101 276 2220
163 13741 18782 103 83 155 3810
164 13768 14166 86 94 51 1115
165 13849 16646 15 29 159 6225
166 13864 14836 120 85 263 2457
167 13875 25660 93 42 983 4021
168 13882 18266 77 106 266 4365
169 13961 18550 97 84 164 3009
170 14202 18270 62 80 138 2895
171 14233 16420 43 116 151 5227
172 14287 15821 95 6 768 5254
173 14354 18074 91 90 24 4128
174 14570 18062 14 2 147 2467
175 14933 24624 117 11 991 3528
176 14938 15199 78 36 25 473
177 15066 17927 98 15 274 3288
178 15157 17425 78 26 14 2852
179 15159 16042 88 37 154 1968
180 15399 15708 102 124 51 389
181 15631 17705 115 110 46 482
182 15765 16153 69 11 58 365
183 15793 16018 121 102 23 500
184 15793 20200 19 123 43 2170
185 15898 16817 6 26 117 470
186 15898 16866 6 26 166 563
187 15902 16959 6 26 214 652
188 16103 36529 81 43 990 6897
189 16118 16270 112 4 4 286
190 16253 16470 28 58 4 344
191 16358 30219 77 126 1124 3905
192 16358 30219 77 23 1124 3905
193 16700 17641 1 77 117 470
194 16746 24626 29 127 523 5226
195 16746 24626 29 101 523 5226
196 16811 19959 113 38 49 1887
197 16972 17465 114 10 50 2180
198 17074 17356 116 12 58 1765
199 17091 17226 116 48 20 436
200 17098 18342 54 51 220 392
201 17220 35420 23 24 988 5034
202 17298 24052 83 47 525 4180
203 17391 17955 11 15 283 5076
204 17529 29046 11 15 1120 3475
205 17688 17988 13 2 73 616
206 17928 23421 26 81 506 3971
207 18122 19581 124 110 220 392
208 18279 34333 26 94 973 5931
209 18535 22821 39 79 508 2967
210 18737 27020 56 103 1107 2889
211 18979 37131 7 81 1000 6080
212 19075 19824 102 103 145 423
213 19321 33308 79 58 971 4228
214 19960 25799 81 57 1103 2467
215 19960 21577 81 69 441 493
216 19960 21384 81 69 248 386
217 20082 36018 39 37 1001 5228
218 20179 25569 94 77 152 6188
219 20267 24609 28 39 173 5592
220 20414 37450 102 125 994 6330
221 20537 24368 124 74 165 3970
222 20657 27938 80 29 37 7200
223 20774 24136 78 45 156 3970
224 20774 35673 73 51 767 5904
225 20905 25930 60 124 155 6208
226 20984 25317 43 79 151 4517
227 21011 23863 123 65 148 3096
228 21094 34973 58 79 983 4256
229 21122 25075 125 9 157 4531
230 21138 22504 43 7 204 355
231 21138 22616 43 7 316 412
232 21233 25068 119 41 135 4517
233 21340 24859 58 38 138 4966
234 21453 22821 94 1 51 2868
235 21569 34843 24 112 747 4250
236 21629 24616 77 8 140 3760
237 21706 22713 50 33 56 2122
238 21707 29622 8 38 39 8982
239 21818 26738 69 84 45 5904
240 21862 29481 15 2 44 6556
241 21968 44522 1 101 1116 6289
242 22087 26596 12 109 20 5616
243 22093 22472 31 77 17 478
244 22140 22450 43 94 156 3970
245 22195 33908 120 43 984 3816
246 22305 24679 100 107 134 4065
247 22318 26494 46 54 28 5077
248 22412 36402 57 88 999 5064
249 22415 34013 72 14 750 4250
250 22903 29145 18 9 22 7185
251 23116 25964 18 42 175 1284
252 23130 43285 90 80 1104 5156
253 23259 27848 107 99 35 3860
254 23263 33153 13 67 730 3697
255 23362 29278 109 38 1128 2020
256 23399 25604 120 15 168 988
257 23485 23639 61 35 2 401
258 23517 35336 98 43 977 5570
259 23529 27590 83 8 57 3319
260 23617 27342 103 100 18 3049
261 23637 24832 23 58 2 401
262 23861 24144 108 46 27 410
263 24108 28747 13 37 27 5769
264 24321 25593 65 99 163 354
265 24362 42090 5 117 1099 4402
266 24483 24583 118 50 4 499
267 24546 28089 115 30 1115 1616
268 24550 31629 86 111 52 8968
269 24603 34219 13 5 982 4405
270 24675 31484 67 61 33 6995
271 24710 25868 28 102 104 363
272 24834 27131 14 111 40 2356
273 24917 30442 53 33 35 7622
274 25279 30163 89 54 16 5875
275 25543 40891 38 13 1087 4021
276 25765 28058 1 14 243 380
277 26498 27726 99 4 163 354
278 27445 28386 38 121 121 308
279 27563 28736 55 104 125 380
280 27921 28131 66 100 2 451
281 28969 30282 44 46 218 489
282 29889 33765 14 28 1939 7378
283 30280 31667 89 106 167 309
