2
8 22
1 124 41 6
15 25 26 33 39 49 
2 107 51 8
4 8 11 15 25 33 41 49 
3 52 35 9
6 15 17 18 23 25 30 33 41 
4 97 58 10
9 15 21 24 26 30 33 34 41 43 
5 66 42 7
3 4 15 17 21 30 41 
6 80 38 3
15 41 43 
7 66 43 6
15 24 25 31 43 44 
8 69 44 7
4 17 21 23 30 41 43 
1 33 239 34 43 84 370
2 332 1579 6 44 26 648
3 455 925 31 30 135 582
4 457 1531 30 25 25 492
5 457 1031 30 15 12 123
6 749 835 39 8 30 230
7 911 2646 9 3 83 850
8 911 2646 9 10 83 850
9 960 1658 18 11 85 632
10 1019 1344 41 33 12 123
11 1073 2794 43 3 231 510
12 1271 1429 23 4 42 158
13 1284 1468 23 4 88 518
14 1332 1519 15 25 8 108
15 1332 1519 15 19 8 108
16 1911 2244 41 21 87 705
17 1917 2070 41 43 33 170
18 1917 2070 41 43 33 170
19 2037 2180 15 21 33 170
20 2066 2230 15 21 83 850
21 2147 2596 43 3 33 170
22 2147 2596 43 3 33 170
7 20
1 36 50 10
10 14 18 21 25 27 28 30 31 41 
2 27 43 11
2 7 14 18 20 25 27 30 31 33 37 
3 61 43 8
2 10 14 18 20 22 24 28 
4 11 56 10
6 14 15 18 21 25 28 34 36 37 
5 68 49 6
21 24 27 28 30 41 
6 8 44 6
6 7 10 28 34 37 
7 27 40 10
8 12 14 21 24 28 30 31 36 41 
1 37 385 18 24 26 800
2 37 197 18 26 13 200
3 37 197 18 31 13 200
4 153 2166 8 10 525 396
5 191 273 30 27 22 584
6 194 1127 14 18 84 785
7 319 663 10 22 28 750
8 360 599 12 35 55 120
9 360 599 12 18 55 120
10 360 1386 12 21 139 600
11 366 548 30 20 25 675
12 409 488 21 37 9 125
13 462 6147 15 33 910 750
14 521 1237 36 41 134 450
15 695 837 2 28 33 157
16 707 1001 2 10 74 706
17 707 1001 2 16 74 706
18 707 1001 2 39 74 706
19 1436 5205 37 25 915 637
20 2390 3799 7 28 457 159
