10
30 117
1 77 80 24
2 7 15 23 24 25 29 34 39 40 42 45 50 53 70 72 76 79 81 98 103 109 114 116 
2 63 93 25
2 11 18 23 29 41 43 45 53 54 60 61 66 70 71 74 81 82 84 101 102 105 110 116 117 
3 24 83 26
1 2 4 12 16 21 28 35 36 49 53 54 56 58 61 70 76 84 85 93 101 102 103 108 109 112 
4 177 101 21
2 15 18 23 25 30 41 43 45 54 57 62 63 71 74 76 81 84 93 96 107 
5 89 113 26
1 2 17 24 29 31 43 45 53 56 57 58 61 66 70 74 75 76 81 96 101 102 103 110 116 117 
6 84 110 23
3 4 15 16 22 24 29 34 39 47 55 57 63 71 83 96 98 101 105 110 112 115 118 
7 193 100 12
3 25 29 45 50 52 61 71 72 105 113 118 
8 30 82 22
2 15 18 28 29 35 42 43 55 61 70 75 90 91 92 98 101 103 105 109 112 115 
9 33 75 24
2 5 13 15 16 17 36 40 45 47 50 62 63 70 84 88 91 102 103 105 110 112 116 119 
10 33 73 21
2 10 12 29 30 33 40 53 54 56 62 66 70 82 90 99 101 105 109 110 116 
11 46 73 27
2 6 15 23 24 29 31 35 43 45 47 49 51 61 77 82 86 88 91 93 96 98 103 107 109 112 116 
12 52 105 18
15 18 23 24 35 49 55 61 70 75 96 98 102 103 109 115 116 119 
13 102 118 18
2 6 7 12 16 21 23 35 41 43 45 57 82 91 93 100 112 116 
14 174 70 26
2 4 7 10 15 31 33 40 42 51 53 55 57 62 66 76 77 82 91 94 96 103 105 109 117 118 
15 156 378 27
1 2 5 7 10 16 17 24 25 35 40 49 50 51 53 58 60 62 66 70 81 85 88 98 108 109 118 
16 89 85 18
7 18 20 23 36 43 45 52 54 55 62 74 82 88 108 116 118 119 
17 81 97 25
11 15 18 20 23 30 34 41 42 45 50 54 57 61 62 63 64 72 76 88 93 108 109 112 118 
18 120 87 22
1 3 7 11 12 18 19 20 22 23 26 41 42 43 52 54 55 63 72 101 102 116 
19 29 67 23
2 23 25 28 29 40 43 45 47 50 51 53 72 84 86 91 102 103 105 107 108 109 116 
20 57 68 20
1 5 11 12 13 15 18 19 25 29 33 34 50 53 54 60 70 74 81 102 
21 48 77 24
7 15 16 18 21 23 24 30 41 42 43 50 53 54 57 63 69 72 86 88 91 93 106 116 
22 197 244 26
7 15 16 17 21 22 39 40 43 48 54 55 58 60 61 66 70 76 82 85 102 103 106 109 110 112 
23 242 110 20
4 10 16 18 27 29 30 52 60 66 76 81 93 100 101 105 108 109 112 117 
24 446 270 16
7 12 15 19 20 24 26 30 36 64 66 94 101 109 113 116 
25 24 96 26
2 10 12 13 15 17 20 22 34 36 40 47 57 60 61 70 71 91 103 105 106 107 110 112 118 119 
26 74 87 21
7 12 18 25 29 36 45 52 66 70 71 79 80 84 93 98 101 105 107 108 119 
27 71 91 29
4 11 12 17 18 24 25 43 52 53 54 60 61 62 63 70 71 76 78 79 80 81 82 84 89 101 102 109 119 
28 70 80 20
6 11 12 18 25 26 30 41 42 45 53 64 72 84 91 93 103 106 109 112 
29 320 290 22
4 5 15 16 17 18 24 33 43 54 61 70 75 76 82 84 90 109 110 112 116 119 
30 54 68 32
3 4 10 15 17 19 23 24 29 31 34 42 43 45 49 55 57 61 64 77 90 96 101 102 103 107 109 110 112 115 116 118 
1 32 1908 64 63 160 1246
2 144 2622 10 12 1216 4484
3 289 1558 10 12 152 1121
4 619 1356 40 33 143 934
5 977 2868 117 23 204 3600
6 1085 5299 83 23 156 1044
7 1159 2794 47 14 32 1287
8 1159 2794 47 30 32 1287
9 1308 2711 70 64 29 1145
10 1325 3715 12 19 51 1539
11 1437 3503 4 41 53 1246
12 1839 2070 101 84 6 223
13 1839 2558 101 20 15 1119
14 1954 2698 117 23 34 1200
15 2087 2330 61 52 12 847
16 2093 2575 74 93 36 884
17 2186 4188 39 70 150 814
18 2282 7305 82 2 343 3864
19 2359 8091 116 2 2376 3188
20 2971 14098 12 70 5776 3724
21 3208 4388 62 37 44 654
22 3208 4388 62 27 44 654
23 3422 4284 96 52 53 483
24 3436 4651 72 100 53 770
25 3566 4505 34 66 55 677
26 3692 18994 99 75 1857 1576
27 3984 6687 89 46 281 896
28 3984 6687 89 98 281 896
29 4218 5878 109 113 40 834
30 4323 5524 108 19 51 600
31 4357 6319 18 47 264 797
32 4362 9155 98 20 53 927
33 4429 4533 18 66 53 770
34 4565 7011 82 2 49 1288
35 4718 5979 116 2 264 797
36 4790 6757 118 91 56 1107
37 4793 10967 102 92 722 1194
38 5018 6433 3 51 32 978
39 5127 9596 94 118 274 960
40 5347 8991 119 103 34 787
41 5467 7653 15 71 260 816
42 5503 8768 18 31 36 778
43 5598 6833 101 82 17 598
44 5605 17032 109 28 1839 1386
45 5693 9950 69 48 169 1656
46 5693 9950 69 87 169 1656
47 5942 9044 12 70 722 931
48 5974 13391 7 29 210 1668
49 6034 7304 88 110 257 806
50 6067 9601 43 110 143 1258
51 6281 9031 112 105 152 1357
52 7419 8745 49 29 126 1018
53 7489 15133 25 84 1840 1355
54 7600 16616 100 98 1064 1496
55 7715 9931 96 94 31 1629
56 7841 9729 49 25 56 1188
57 7941 9803 77 118 29 1368
58 8055 9471 116 29 37 1033
59 8078 9571 57 108 14 1172
60 8210 9424 110 54 12 1190
61 8643 12093 34 101 277 1464
62 8681 8785 16 31 53 927
63 8746 15498 93 62 1062 1122
64 8774 15024 36 34 718 880
65 8881 9129 40 66 18 198
66 8961 11835 105 30 45 924
67 8968 11745 13 18 272 1273
68 9311 11364 5 30 260 1244
69 9366 9908 5 102 272 1273
70 9523 14209 56 57 725 739
71 9558 10953 19 40 43 1408
72 9749 10640 60 91 51 999
73 9793 11613 53 18 40 822
74 9884 14324 2 36 1047 1316
75 10010 10103 81 63 13 249
76 10010 10458 81 53 26 999
77 10134 11294 54 93 28 831
78 10320 10464 63 53 17 166
79 10331 12858 78 22 54 535
80 10336 13397 53 41 701 756
81 10469 12755 60 101 160 1552
82 10573 12648 74 17 156 768
83 10586 12655 80 72 45 433
84 10679 12386 45 96 151 1334
85 10688 13757 1 14 31 1161
86 10688 13757 1 114 31 1161
87 10778 12420 88 61 167 691
88 10785 13659 26 15 30 1021
89 10888 14817 36 98 48 1530
90 10896 13412 12 55 14 893
91 10927 12190 7 87 143 1101
92 10927 12190 7 109 143 1101
93 11007 14693 30 7 49 1116
94 11043 11864 106 34 29 570
95 11043 11864 106 37 29 570
96 11112 11278 43 93 12 132
97 11119 13280 6 103 13 806
98 11133 12272 2 11 350 189
99 11145 12156 6 102 6 129
100 11148 11624 91 110 52 456
101 11266 15943 40 62 506 966
102 11460 14889 115 12 282 1264
103 11595 13318 34 4 154 1113
104 11704 14695 55 114 497 600
105 11801 14428 86 2 31 1254
106 11823 14575 98 79 279 910
107 11837 13296 76 113 42 1176
108 11903 14227 29 103 32 781
109 11926 13007 118 24 158 790
110 11949 13223 7 29 42 834
111 12021 13080 66 101 25 870
112 12023 15381 23 85 502 869
113 12147 12754 22 116 137 868
114 12160 14242 15 25 265 1099
115 12240 14120 47 53 487 504
116 12624 14805 15 102 489 811
117 13372 15498 105 62 1064 1496
28 116
1 46 62 25
1 2 3 4 5 6 7 9 11 12 14 18 19 20 21 22 24 27 28 30 31 32 35 38 39 
2 405 352 25
1 2 3 6 9 11 12 15 18 20 21 23 25 27 28 29 30 31 32 33 35 37 38 39 40 
3 40 59 22
2 4 10 12 15 17 18 19 20 21 22 24 26 27 28 29 30 31 32 33 35 39 
4 37 61 20
2 3 4 7 9 11 12 13 14 16 17 19 20 24 27 32 33 35 37 38 
5 16 63 15
6 8 11 12 14 16 17 19 20 24 29 32 37 38 39 
6 38 67 22
1 2 4 7 12 13 14 16 17 19 20 22 24 26 31 32 34 35 36 38 39 40 
7 48 60 22
2 6 7 12 14 15 17 18 19 23 25 26 27 28 30 32 33 34 35 36 37 40 
8 22 83 19
1 3 4 7 10 13 17 19 20 21 22 24 29 30 31 36 37 38 39 
9 66 76 22
1 3 6 8 10 12 14 15 16 20 21 24 25 26 27 29 30 31 32 34 37 39 
10 13 58 12
1 3 4 6 13 16 19 24 25 27 39 40 
11 167 322 16
1 6 7 10 11 15 16 17 19 20 24 27 29 31 32 40 
12 183 288 17
2 3 4 11 16 19 24 25 28 31 32 33 35 36 37 39 40 
13 60 76 21
2 3 4 9 10 11 13 14 16 19 21 22 24 25 26 27 30 32 35 38 39 
14 16 60 25
1 2 3 4 5 6 10 11 13 14 15 17 18 19 20 21 22 24 28 29 30 31 32 35 40 
15 43 66 24
1 2 3 6 10 13 14 16 21 22 23 24 25 26 27 28 29 30 31 32 33 35 37 39 
16 81 76 23
2 4 7 9 10 11 12 14 15 16 18 19 24 26 27 28 31 32 33 34 36 37 40 
17 40 60 18
1 2 7 8 10 13 18 20 21 26 29 30 33 36 37 38 39 40 
18 31 55 22
5 6 8 9 10 13 14 16 18 19 20 22 26 27 29 30 32 34 36 38 39 40 
19 48 80 15
3 6 7 9 10 12 15 20 25 28 31 32 33 36 37 
20 83 66 20
1 2 3 10 11 12 13 15 16 17 18 19 24 25 26 28 29 32 36 40 
21 55 94 18
2 9 10 12 13 14 15 20 21 24 28 29 31 33 36 37 38 39 
22 90 91 19
1 10 12 13 16 19 20 21 25 26 28 30 31 32 36 37 38 39 40 
23 203 335 21
2 6 7 10 13 14 21 22 25 26 27 28 29 30 31 32 33 35 37 38 39 
24 41 77 18
2 3 7 11 12 14 16 21 22 24 26 28 31 32 34 36 38 40 
25 46 59 24
2 3 6 7 9 10 12 13 14 15 16 18 19 20 21 25 27 29 30 32 34 35 38 40 
26 35 55 20
2 3 11 12 15 16 18 19 20 21 24 26 27 29 30 33 34 36 38 39 
27 144 212 21
1 3 6 7 9 11 12 13 14 16 18 19 20 21 28 29 32 34 35 37 40 
28 75 92 20
1 3 7 8 10 12 14 16 20 21 22 24 26 29 30 32 37 38 39 40 
1 32 2501 37 9 227 1710
2 136 707 4 1 31 940
3 222 454 20 11 27 705
4 323 2181 38 42 220 1214
5 323 2181 38 25 220 1214
6 356 1383 40 19 161 1500
7 400 1755 1 29 42 1456
8 586 1899 16 32 210 1402
9 593 1575 40 22 37 1310
10 694 1259 7 32 25 1106
11 712 1245 40 19 23 500
12 760 1173 12 29 30 405
13 868 1643 33 29 203 861
14 1593 2385 21 9 32 708
15 1904 2301 27 32 36 509
16 2281 18034 8 3 5376 5022
17 2441 3581 30 40 40 1225
18 2441 3581 30 42 40 1225
19 2552 3403 33 4 35 1029
20 2609 2803 14 26 14 205
21 2639 3270 14 16 23 1090
22 2698 6164 23 26 116 1146
23 2878 5701 28 30 128 962
24 3062 7481 8 29 460 2064
25 3161 6635 21 14 152 344
26 3337 6078 14 29 31 1204
27 3623 8724 3 16 582 1304
28 3633 5413 15 32 23 999
29 3722 8644 11 30 585 1253
30 3983 5797 15 12 44 1328
31 4167 5620 32 3 46 1181
32 4262 8085 33 42 594 1147
33 4262 8085 33 24 594 1147
34 4290 4579 12 16 14 915
35 4291 5499 7 26 123 1128
36 4360 7715 3 29 594 914
37 4386 5517 40 14 27 1062
38 4478 10986 9 6 1206 2608
39 4478 10986 9 6 1206 2608
40 4541 5352 36 39 136 1003
41 4562 13426 8 3 768 1674
42 4574 5399 10 32 9 199
43 4723 9992 15 42 582 1392
44 4723 9992 15 6 582 1392
45 4837 9296 33 6 133 1197
46 4930 7422 25 17 565 951
47 5033 7606 20 24 218 755
48 5100 7544 7 26 128 1216
49 5197 7031 13 1 568 1077
50 5207 10948 37 7 779 973
51 5278 6032 36 30 210 619
52 5361 9170 40 14 582 1071
53 5361 6236 40 38 194 178
54 5372 12591 19 9 779 1406
55 5463 6801 31 28 138 600
56 5587 6638 19 34 131 899
57 5665 14966 12 38 1495 1008
58 5751 6423 16 27 111 1082
59 5751 7275 26 6 39 750
60 5768 5970 16 38 43 149
61 5862 8100 2 6 123 710
62 5952 6602 24 35 121 474
63 6010 6833 11 21 145 174
64 6010 8512 11 33 565 1057
65 6012 6232 14 24 111 1082
66 6017 10088 21 43 768 846
67 6017 10088 21 20 768 846
68 6047 7081 21 31 222 139
69 6049 6866 19 1 23 854
70 6095 6775 6 17 24 631
71 6124 7136 8 29 115 1032
72 6213 6572 12 13 6 606
73 6224 10998 4 35 751 1222
74 6296 6956 21 5 124 763
75 6322 6521 21 14 38 172
76 6372 8355 2 31 136 1041
77 6409 6817 23 10 39 670
78 6490 6726 2 28 34 582
79 6568 7360 26 17 29 854
80 6577 7171 29 16 30 600
81 6688 7472 38 2 145 174
82 6750 7185 27 24 46 597
83 6834 7043 16 20 12 683
84 6859 9271 22 15 762 827
85 7015 10182 2 39 762 1166
86 7202 13429 4 21 1498 836
87 7211 8188 32 25 116 849
88 7211 9271 4 10 498 168
89 7392 7928 28 25 137 575
90 7399 7877 28 37 119 916
91 8164 11470 40 29 131 870
92 8213 11413 9 31 215 1576
93 8515 12337 4 32 43 840
94 8533 11124 40 20 227 1355
95 8781 10764 27 38 39 697
96 8956 9914 9 6 134 652
97 9133 10203 6 19 198 1182
98 9460 9912 29 4 227 1355
99 9723 9922 1 26 26 646
100 10093 11743 6 23 30 1239
101 10093 11743 6 42 30 1239
102 10543 11139 8 29 43 991
103 10736 11030 37 22 13 1102
104 10895 15832 29 9 217 1566
105 10989 11047 28 22 30 1239
106 11556 12405 31 37 126 685
107 11647 19092 11 22 760 1548
108 11715 15514 36 34 214 1096
109 11742 12244 13 41 128 582
110 11742 12244 13 32 128 582
111 11987 13940 3 44 200 1111
112 11987 13940 3 26 200 1111
113 12295 13040 6 10 197 942
114 12480 18286 34 13 766 1284
115 13372 17423 36 1 743 1315
116 14221 16596 39 37 749 1129
19 115
1 68 45 31
1 2 3 4 5 7 9 10 11 12 13 14 15 16 17 21 22 23 24 25 26 27 29 30 35 36 37 38 40 41 43 
2 63 44 34
1 2 5 6 7 8 9 10 11 12 13 14 16 17 18 19 22 23 26 27 28 29 30 31 32 33 34 35 37 38 40 41 42 43 
3 49 39 28
1 2 4 8 9 10 11 13 14 17 18 20 22 23 24 25 26 27 29 30 32 34 35 36 37 38 40 42 
4 47 46 22
3 4 5 6 8 10 11 12 16 17 20 22 23 25 26 28 29 32 36 37 41 42 
5 262 211 25
1 5 7 9 13 14 15 16 17 20 22 23 24 25 28 29 30 32 33 35 37 38 39 40 42 
6 52 43 26
2 6 7 8 11 12 13 14 15 16 18 21 22 23 24 25 27 29 30 32 35 37 38 39 41 42 
7 25 42 28
2 3 8 9 11 13 14 16 17 18 19 20 21 22 23 25 26 27 28 29 30 31 32 34 35 37 40 41 
8 60 60 24
2 6 8 10 11 13 14 15 16 17 19 20 21 22 24 27 28 29 31 36 38 39 40 42 
9 52 48 23
1 2 4 5 8 9 10 15 16 22 23 26 27 28 29 30 34 35 37 39 40 42 43 
10 69 66 27
5 8 9 13 14 16 18 19 20 21 22 23 24 26 27 28 29 30 32 33 35 36 37 38 40 41 42 
11 48 49 31
2 3 4 7 8 9 10 11 12 15 16 17 20 21 22 23 24 25 26 27 28 29 30 32 33 34 35 36 37 38 40 
12 69 54 29
1 2 3 6 7 8 9 12 17 18 19 20 21 23 24 25 26 27 29 30 32 33 34 35 37 38 40 41 42 
13 51 46 26
1 2 3 6 9 11 13 14 16 17 21 22 23 25 26 27 28 29 30 32 33 34 35 36 40 41 
14 56 62 30
2 5 7 8 9 11 12 13 15 16 21 22 23 24 25 26 27 28 29 31 33 34 35 37 38 39 40 41 42 43 
15 75 66 27
1 4 5 8 9 10 11 13 15 16 18 20 21 24 25 26 27 28 29 31 32 34 35 37 38 39 40 
16 36 40 29
2 5 7 8 9 10 11 14 15 17 19 20 22 23 24 25 26 27 28 29 30 32 33 35 36 38 40 41 43 
17 254 245 30
1 2 6 9 10 12 13 14 16 17 19 20 21 25 26 28 29 30 31 32 33 35 36 37 38 39 40 41 42 43 
18 141 60 17
1 4 8 10 12 17 20 24 25 27 32 34 35 37 38 40 42 
19 78 62 24
2 3 7 8 9 10 13 14 16 17 19 21 22 23 25 26 28 30 35 36 37 38 41 42 
1 30 2982 1 11 424 930
2 380 3298 30 28 344 2136
3 412 3132 31 17 855 5312
4 479 1849 3 8 413 771
5 612 1965 26 4 96 980
6 686 1185 32 15 32 1188
7 761 3040 30 28 86 1068
8 825 2372 31 17 95 1328
9 833 1129 38 23 24 1021
10 877 2377 17 33 97 875
11 877 2377 17 45 97 875
12 970 1594 17 8 169 186
13 1009 2249 20 19 94 1181
14 1150 3413 40 22 288 966
15 1151 2093 38 9 78 956
16 1209 1787 29 32 98 882
17 1232 2758 29 24 154 1304
18 1295 2111 39 33 93 675
19 1349 10306 27 26 1089 1248
20 1409 1966 38 21 88 573
21 1420 2570 8 10 153 1173
22 1496 3082 26 9 293 743
23 1608 2358 28 26 137 1017
24 1764 4333 14 21 140 1372
25 1775 1965 21 4 96 980
26 1819 2979 1 35 30 1568
27 1871 2019 27 30 7 196
28 1892 4072 16 5 153 1053
29 1895 2055 36 33 37 135
30 1898 2829 27 8 21 1238
31 2002 5533 37 27 536 2668
32 2012 2617 42 9 13 1332
33 2070 3890 17 29 161 895
34 2122 5989 16 28 686 3198
35 2300 5522 16 27 18 2385
36 2336 5860 21 29 547 696
37 2466 9153 15 1 1078 898
38 2661 5325 1 6 84 927
39 2729 3665 19 13 136 916
40 2863 4827 34 3 97 1072
41 2870 5220 43 29 98 787
42 2929 5288 12 5 552 598
43 2946 3466 33 8 144 751
44 3010 4362 25 13 91 782
45 3068 5295 2 30 33 1074
46 3133 5131 12 14 29 666
47 3145 4217 26 32 80 889
48 3175 3355 26 2 91 782
49 3261 5210 18 9 27 837
50 3275 3940 27 2 28 981
51 3327 3806 42 40 26 794
52 3341 4280 1 12 20 915
53 3349 5074 23 24 21 592
54 3410 5001 27 6 87 1211
55 3415 3756 39 12 11 804
56 3459 3668 35 41 9 595
57 3519 4421 37 33 99 884
58 3529 4221 14 21 28 686
59 3537 5005 11 29 23 1127
60 3583 5727 21 10 87 1350
61 3602 8025 28 30 1072 1110
62 3669 4057 1 41 70 968
63 3673 5955 20 30 164 763
64 3729 4886 20 25 31 867
65 3732 4821 40 39 27 1182
66 3780 3824 20 42 23 1127
67 3801 4665 19 21 6 946
68 3860 5743 41 21 163 610
69 4004 5064 37 27 67 667
70 4052 4607 43 28 147 618
71 4052 4607 43 47 147 618
72 4113 4477 25 15 81 637
73 4173 8469 16 35 45 592
74 4244 5401 16 28 98 1066
75 4320 5717 35 2 90 742
76 4330 4697 27 37 27 1016
77 4376 6059 3 22 92 925
78 4440 5793 38 20 20 1120
79 4460 5596 25 13 92 652
80 4530 5711 37 6 83 624
81 4538 5590 40 30 18 929
82 4572 5184 42 31 70 1134
83 4575 5447 16 14 73 638
84 4586 5938 10 30 89 703
85 4601 5507 16 27 3 795
86 4644 5611 23 38 94 455
87 4717 4876 29 8 28 152
88 4717 5076 29 6 81 948
89 4899 5093 17 6 98 1066
90 5042 5046 37 7 3 795
91 5660 8572 31 9 20 1575
92 6090 8259 40 18 28 1307
93 6095 6175 40 14 4 175
94 6171 8078 37 20 3 1323
95 6235 6982 14 35 11 1110
96 6312 8111 10 2 26 912
97 6626 7932 24 14 33 656
98 6688 7425 32 40 9 693
99 7424 9372 38 2 289 774
100 7562 7973 34 38 30 530
101 7629 8581 29 2 31 1251
102 7682 8498 14 38 19 1038
103 7692 7773 2 11 12 106
104 7696 7837 2 5 24 418
105 7749 8420 1 35 14 1025
106 7772 9010 13 32 281 541
107 8079 8348 24 11 2 788
108 8082 9165 24 22 33 1155
109 8087 8224 24 16 5 205
110 8149 9628 12 8 99 1218
111 8227 9103 10 1 24 1039
112 8293 8951 22 4 84 913
113 8295 9033 34 16 16 900
114 8346 8429 16 35 5 148
115 8423 8814 41 40 82 937
25 114
1 420 202 20
2 4 11 16 23 41 47 63 73 74 77 78 89 96 97 99 102 104 108 109 
2 58 54 29
4 7 8 10 11 14 19 20 27 34 38 40 46 50 60 62 68 70 71 74 78 79 96 106 108 109 112 113 114 
3 55 63 21
5 11 16 22 27 30 34 38 39 41 48 51 55 57 67 68 80 81 97 100 109 
4 53 60 31
5 7 8 9 14 23 25 30 32 40 42 55 59 70 71 73 75 78 79 81 85 89 96 97 101 102 106 107 108 113 114 
5 42 45 28
5 8 9 17 18 20 22 24 28 31 41 45 50 59 62 63 66 67 70 73 76 77 81 88 89 97 101 105 
6 63 44 33
2 4 5 6 9 12 16 18 21 22 26 29 30 32 34 40 41 48 62 68 70 71 77 78 82 89 94 97 103 104 108 112 113 
7 49 46 26
9 12 13 14 16 20 24 26 27 30 32 35 51 62 71 75 77 79 97 99 100 103 106 107 108 112 
8 37 39 28
8 11 14 18 20 21 25 29 31 33 41 57 62 65 67 68 69 71 78 79 82 94 95 96 106 107 113 114 
9 57 57 32
1 5 7 11 12 13 14 16 20 22 26 27 29 31 34 39 41 42 45 51 60 74 78 81 82 89 94 101 103 104 105 112 
10 51 49 22
4 8 18 19 27 29 49 51 62 67 69 70 72 76 82 85 88 94 97 102 103 104 
11 85 45 26
8 22 28 29 34 45 46 47 51 56 57 62 67 68 71 72 73 77 78 79 84 88 95 99 108 110 
12 115 55 27
1 4 5 6 9 14 17 24 31 40 41 42 56 62 63 67 70 73 76 79 81 84 85 89 101 104 108 
13 234 206 18
4 10 14 22 39 42 57 60 62 72 74 79 85 90 91 104 109 113 
14 32 39 26
2 5 6 10 11 13 16 17 19 27 29 32 38 41 49 51 62 67 70 74 76 79 86 97 106 113 
15 190 250 26
6 9 11 12 13 16 17 24 29 34 38 39 40 42 55 58 81 85 86 89 91 94 101 108 109 115 
16 36 39 38
2 4 5 6 8 10 16 23 24 25 27 28 32 34 40 41 55 56 57 59 62 63 67 68 69 70 71 72 76 79 97 99 100 103 106 108 109 110 
17 76 52 29
4 6 12 13 14 16 22 23 24 30 31 38 41 45 59 60 68 71 76 77 78 80 85 88 95 101 105 106 110 
18 61 66 21
1 5 7 8 10 18 24 49 50 51 57 65 67 76 77 87 94 97 99 100 107 
19 52 52 28
8 12 15 16 17 24 26 29 33 34 46 58 62 63 66 67 68 78 79 82 95 97 101 103 104 107 113 115 
20 50 61 26
7 12 13 20 25 39 51 55 57 62 67 69 71 72 79 86 94 95 100 102 105 106 108 109 110 115 
21 51 60 26
2 4 10 12 16 17 18 19 20 21 24 31 42 48 56 59 62 67 71 73 76 77 85 86 87 100 
22 40 43 30
7 11 12 17 24 30 33 34 38 39 40 42 50 51 55 58 59 64 66 67 69 71 77 79 87 95 100 101 107 110 
23 50 62 25
9 12 14 18 28 40 47 57 58 59 62 63 66 67 73 77 78 82 86 94 99 100 101 107 108 
24 47 52 29
2 5 8 14 16 22 30 40 41 51 62 64 67 72 75 76 77 78 79 81 83 89 96 99 103 104 109 114 115 
25 54 59 24
9 11 14 16 21 24 31 33 34 40 42 47 48 50 51 59 71 82 84 85 87 99 106 114 
1 47 2274 95 3 408 660
2 47 2274 95 35 408 660
3 103 1217 77 59 85 1467
4 171 2776 65 38 86 1197
5 216 1892 34 106 89 1392
6 228 1103 18 105 96 1056
7 347 640 83 55 31 580
8 347 932 24 62 68 1276
9 433 1609 99 55 20 1393
10 435 560 14 20 17 417
11 477 818 6 94 79 865
12 486 1687 49 30 88 1005
13 496 6269 101 70 3690 2084
14 500 1822 84 32 410 567
15 509 1659 9 101 119 3426
16 562 3452 115 55 419 695
17 604 1531 76 110 69 969
18 868 1745 13 110 83 974
19 993 2989 101 70 410 521
20 1006 3567 62 90 23 800
21 1014 1539 67 57 72 1085
22 1019 1557 9 101 17 1142
23 1069 1408 16 79 71 783
24 1126 4978 7 51 606 954
25 1126 3368 8 79 21 632
26 1150 1340 40 95 5 199
27 1150 1400 40 22 3 1100
28 1202 3165 80 74 82 1746
29 1219 4288 95 99 168 2064
30 1397 1539 26 57 72 1085
31 1401 3037 12 62 89 1344
32 1517 2336 80 99 29 1560
33 1578 2393 41 9 25 904
34 1595 2422 89 72 65 1257
35 1598 2267 41 1 24 1123
36 1638 4329 15 24 133 2940
37 1645 2261 4 103 20 768
38 1708 2190 78 31 12 1279
39 1717 2122 11 2 8 804
40 1731 2235 77 4 72 1142
41 1796 2650 39 81 202 159
42 1800 4340 39 10 614 744
43 1802 3219 68 17 6 640
44 1857 1997 113 88 8 187
45 2030 6573 62 14 628 2274
46 2232 4278 65 9 29 630
47 2295 3885 64 79 96 700
48 2387 4175 91 26 163 1328
49 2424 3764 107 57 85 497
50 2438 4141 95 99 21 516
51 2741 5572 85 112 20 340
52 2774 3627 67 100 79 609
53 2774 2910 67 27 27 100
54 2833 3955 16 11 150 1062
55 3036 4299 79 20 98 777
56 3036 4299 79 118 98 777
57 3039 3744 106 34 146 942
58 3089 4545 71 30 28 852
59 3162 3838 38 14 94 621
60 3162 3905 16 78 24 596
61 3276 4215 15 24 19 980
62 3276 4215 15 3 19 980
63 3296 3633 68 106 81 574
64 3359 3627 63 4 24 744
65 3361 4015 82 77 29 1336
66 3411 4861 72 91 27 1312
67 3412 3950 69 7 26 1002
68 3471 5597 71 59 154 1755
69 3491 3819 71 11 12 975
70 3535 5832 14 50 92 1246
71 3621 6820 11 101 31 896
72 3622 4670 59 14 32 1128
73 3664 5393 94 3 153 1228
74 3664 5393 94 106 153 1228
75 3676 4734 6 51 97 1021
76 3677 3823 6 78 26 178
77 3789 4928 82 73 23 865
78 3797 4584 2 24 75 1034
79 3852 4930 5 109 137 1351
80 3877 6560 70 82 159 1458
81 3943 5703 5 6 24 645
82 4012 4758 7 24 30 761
83 4055 4735 70 10 136 896
84 4061 6102 62 14 157 1137
85 4064 5646 16 41 14 707
86 4270 4600 38 62 10 1023
87 4289 4471 2 20 92 1246
88 4404 4642 50 10 43 175
89 4459 9920 85 104 1062 875
90 4512 8885 96 16 86 918
91 4528 5882 78 30 142 1253
92 4571 6823 50 20 158 1098
93 4638 7356 94 105 162 1352
94 4704 5683 67 22 140 1011
95 5035 6354 55 12 156 922
96 5097 7155 11 27 151 1122
97 5236 10727 64 86 1058 670
98 5246 6139 39 85 141 933
99 5287 5848 114 72 28 888
100 5290 6953 5 97 145 1203
101 5358 5787 46 99 30 781
102 5412 5728 100 22 159 1458
103 5428 5972 74 40 139 663
104 5432 5625 67 108 11 683
105 5482 5557 85 112 5 170
106 5567 8837 73 52 1073 656
107 5567 8837 73 115 1073 656
108 5569 5775 57 30 35 162
109 5624 5861 41 40 35 122
110 5625 8771 67 77 86 798
111 6197 8290 5 66 69 752
112 6323 8169 81 97 69 710
113 6323 8169 81 43 69 710
114 6343 9594 75 51 1058 603
17 92
1 12 75 33
1 3 5 8 13 19 27 29 31 34 38 39 44 46 49 50 56 60 62 66 76 84 86 89 92 97 99 101 102 104 105 107 110 
2 20 80 30
1 5 6 10 22 24 29 31 34 37 38 39 41 42 44 49 50 53 54 57 59 61 63 65 74 77 84 89 91 109 
3 54 76 22
12 13 20 24 25 26 31 33 34 35 37 39 42 43 50 62 63 66 69 97 99 110 
4 61 107 27
1 3 5 13 19 24 26 31 32 33 38 39 41 43 44 46 55 59 66 68 75 76 78 79 92 95 106 
5 18 77 21
5 10 13 21 26 27 29 32 36 38 42 43 46 49 53 54 75 78 89 94 95 
6 95 114 24
4 18 25 28 32 34 36 38 43 44 49 53 58 59 60 61 62 68 70 83 84 95 97 105 
7 22 91 28
2 4 11 13 18 19 20 24 26 29 31 34 35 36 38 41 42 45 50 53 57 59 66 84 94 97 101 108 
8 29 109 23
1 4 6 13 19 22 24 25 34 41 55 57 58 66 68 77 84 91 92 97 101 105 110 
9 26 92 35
5 8 19 26 27 28 31 32 33 35 36 37 41 43 44 45 48 51 53 60 63 66 75 78 83 84 94 95 98 99 100 101 104 105 107 
10 32 96 34
1 4 5 10 21 23 24 26 34 37 39 42 44 46 51 53 57 59 62 63 68 70 74 80 84 91 94 97 98 102 104 106 108 109 
11 93 319 31
1 2 8 13 16 18 21 24 25 27 30 31 36 42 46 49 59 61 65 67 74 79 84 92 94 102 106 108 109 110 112 
12 21 90 33
2 3 5 8 13 19 20 24 25 28 31 34 36 37 38 39 43 45 46 49 50 53 58 62 65 68 78 89 94 100 102 105 107 
13 26 92 34
1 2 8 18 20 24 26 34 36 38 39 42 43 46 49 51 54 55 58 59 62 66 68 69 74 77 79 91 99 100 101 103 109 112 
14 31 93 32
4 6 10 13 19 20 22 23 31 33 39 41 43 44 50 58 59 62 68 69 75 77 79 83 86 91 103 105 106 109 110 112 
15 11 81 29
5 8 20 22 24 26 28 29 35 39 43 44 49 50 53 54 59 65 74 76 86 89 90 93 96 99 107 109 110 
16 27 83 27
23 24 26 38 39 42 44 49 50 53 59 62 63 69 80 82 83 84 89 94 98 99 100 101 103 109 112 
17 19 84 27
4 26 29 33 34 35 38 42 43 44 45 46 49 51 60 61 63 66 70 76 80 89 94 97 98 101 104 
1 27 1715 93 57 378 3808
2 54 1379 93 57 42 952
3 150 2522 37 25 55 927
4 202 1037 53 46 175 2340
5 263 1129 5 13 40 675
6 271 2197 41 43 45 658
7 404 887 53 46 25 780
8 515 1380 26 76 34 822
9 616 1156 44 3 32 649
10 890 11273 49 22 1097 1710
11 1092 1949 101 110 38 648
12 1126 14844 106 50 1896 1176
13 1198 1566 51 66 28 572
14 1202 6592 35 2 499 1575
15 1357 6499 18 47 982 635
16 1357 6499 18 97 982 635
17 1428 19612 8 49 9792 4076
18 1680 12064 31 56 1082 1341
19 1785 9394 50 60 1472 15552
20 1785 8842 50 60 920 7776
21 1822 5773 42 94 516 1181
22 2038 10062 2 50 1073 1539
23 2044 4848 33 28 162 959
24 2123 5102 58 19 50 1008
25 2287 4639 19 43 161 709
26 2363 4885 105 49 52 836
27 2380 5455 68 57 974 552
28 2400 5189 33 38 482 1181
29 2516 9145 66 82 284 936
30 2518 7317 77 61 400 3584
31 2850 8811 55 23 282 683
32 2856 10908 8 49 1088 1019
33 2885 7334 109 83 60 2480
34 2968 4632 19 10 499 897
35 3046 12898 24 103 1913 893
36 3191 8891 38 20 1080 1248
37 3200 7724 59 72 267 786
38 3200 7724 59 68 267 786
39 3403 4017 25 34 33 856
40 3432 4357 4 26 145 709
41 3561 7610 16 31 29 1494
42 3563 4295 92 10 192 236
43 3571 8106 50 60 184 3888
44 3678 9364 5 96 1094 875
45 3769 7426 112 59 38 1150
46 3797 5534 11 8 50 1336
47 3862 5426 31 109 56 1002
48 3936 4034 102 34 50 1008
49 3979 9701 54 107 1065 1180
50 4024 5884 48 87 48 1323
51 4024 5884 48 49 48 1323
52 4246 5765 32 34 51 1124
53 4358 7742 62 24 1056 1354
54 4585 5401 95 91 31 1058
55 4603 5236 53 74 51 735
56 4696 6682 41 67 155 500
57 4700 4987 32 99 43 514
58 4710 4966 27 35 18 167
59 4723 5333 27 24 33 961
60 4830 8198 80 76 1082 691
61 4909 8243 90 12 40 1215
62 4938 5336 5 79 34 899
63 5034 10891 26 59 1879 917
64 5034 7553 26 65 541 168
65 5037 6967 77 61 50 896
66 5120 8944 26 65 1913 893
67 5156 10524 37 30 509 1260
68 5170 6617 31 70 37 734
69 5178 8531 89 84 1071 805
70 5491 6338 39 42 33 663
71 5533 5890 39 62 12 122
72 5768 9712 6 61 498 1096
73 5770 7286 109 83 12 1240
74 5842 6135 84 75 21 977
75 5856 6459 31 13 156 375
76 6333 9129 77 29 492 1083
77 6874 7585 42 46 113 140
78 6885 8533 42 20 481 865
79 6916 8091 86 99 44 1081
80 6980 7974 42 46 498 1096
81 7116 11375 112 91 152 1112
82 7142 7945 50 60 23 972
83 7223 14132 37 5 1076 804
84 7223 14132 37 7 1076 804
85 7363 7863 63 97 27 875
86 7363 7863 63 15 27 875
87 7363 7588 63 108 12 154
88 7379 7584 63 108 9 194
89 7969 9347 84 44 150 911
90 8192 9123 1 28 135 845
91 8398 12992 21 8 1091 675
92 8856 9154 94 28 150 911
19 129
1 84 92 31
1 9 11 16 22 24 32 40 44 45 50 52 53 64 68 69 75 76 79 83 91 100 101 107 108 118 120 121 124 127 134 
2 55 91 36
2 4 5 11 17 19 20 24 26 30 31 33 34 37 38 41 43 47 50 52 58 67 68 77 79 80 96 100 106 108 111 112 115 117 130 131 
3 65 71 44
3 4 5 7 9 10 11 17 20 24 28 32 38 40 41 45 47 48 50 52 53 54 58 59 65 66 67 69 76 77 82 92 95 100 101 106 108 112 115 119 120 126 130 134 
4 57 71 38
1 3 11 12 15 17 22 26 27 28 33 38 40 43 44 45 50 54 58 59 67 68 71 74 78 81 92 96 103 104 112 118 121 126 127 128 134 135 
5 61 91 38
4 9 10 15 16 20 25 31 32 33 37 38 39 41 42 43 47 50 51 54 58 67 69 81 86 87 90 91 92 102 109 111 113 119 123 124 126 132 
6 45 62 36
1 2 4 6 8 16 17 22 31 38 40 41 45 47 50 52 72 75 76 78 100 107 108 109 112 115 118 119 120 121 123 126 127 129 130 134 
7 85 99 37
2 3 4 11 14 15 16 24 31 33 41 42 52 53 61 65 67 68 75 78 79 84 92 95 96 100 103 104 111 118 119 123 124 126 131 134 135 
8 77 84 37
1 12 15 19 20 22 24 26 31 32 34 37 43 44 46 47 50 52 53 68 74 78 79 100 101 103 106 109 115 117 118 119 121 126 128 129 132 
9 81 98 40
3 4 6 11 12 14 16 17 19 20 22 24 31 32 40 43 44 45 47 50 53 54 68 71 74 75 79 81 85 103 118 119 120 121 122 124 126 127 131 134 
10 93 103 36
3 7 9 11 13 16 34 41 42 53 58 59 68 73 74 75 79 80 87 90 91 93 95 97 98 101 117 120 121 122 123 127 128 129 131 133 
11 81 94 38
2 3 7 11 12 14 18 28 39 44 45 50 52 56 61 67 69 72 73 75 79 83 87 89 91 96 103 107 110 120 121 123 128 129 131 133 134 135 
12 81 82 42
2 7 10 14 15 18 19 20 24 26 32 33 34 35 38 43 52 53 58 61 63 67 68 75 79 81 82 83 89 100 106 111 114 118 121 122 126 127 128 131 132 133 
13 173 200 49
1 3 5 6 7 10 11 12 13 15 17 21 22 24 34 37 38 40 41 42 43 47 48 50 51 64 65 67 68 71 72 75 81 87 88 89 95 101 106 108 109 110 113 118 119 121 126 132 134 
14 42 71 44
1 3 4 5 6 10 17 18 20 26 34 36 41 44 45 47 48 50 53 54 61 67 68 69 72 78 79 81 88 100 101 102 106 110 113 115 119 121 124 126 127 128 132 134 
15 184 229 40
2 9 11 12 13 14 16 17 18 20 25 30 33 38 40 44 45 47 50 51 52 53 56 61 64 67 68 72 75 90 96 98 100 108 118 119 123 126 131 132 
16 48 76 41
3 8 9 14 15 16 21 26 33 38 40 41 43 44 48 51 53 58 64 65 68 73 74 78 89 90 91 92 95 97 101 102 106 109 110 118 119 121 123 128 134 
17 261 371 37
9 11 13 14 17 22 34 38 41 43 44 45 50 53 54 69 76 77 79 83 89 90 94 96 98 100 101 106 109 114 115 118 121 124 126 130 134 
18 72 90 41
1 9 10 11 12 20 21 22 23 24 30 33 43 45 52 57 59 64 67 71 72 80 88 91 92 95 96 101 104 108 115 117 118 119 120 122 123 127 129 132 133 
19 74 94 42
2 3 4 8 9 10 11 20 21 24 31 32 34 39 40 41 44 45 48 49 51 56 58 59 67 69 71 72 73 78 81 89 92 97 98 100 102 106 114 119 122 130 
1 71 11866 1 3 1631 1183
2 255 1397 49 54 142 744
3 450 1218 32 24 146 669
4 641 936 47 19 73 167
5 1226 2799 84 110 49 1161
6 1371 2496 124 75 33 812
7 1548 2282 109 53 32 975
8 1548 2282 109 55 32 975
9 1637 2053 126 117 16 706
10 1637 1735 126 33 9 116
11 1743 10211 67 72 1636 1005
12 1950 3672 86 85 242 1194
13 2065 5563 34 63 127 1458
14 2258 3385 67 12 241 943
15 2263 4602 38 74 37 992
16 2569 3902 26 18 141 1020
17 2768 3668 32 132 110 1283
18 2782 6114 100 106 180 1200
19 2964 3476 120 10 124 765
20 2974 4295 32 92 25 833
21 3127 4783 81 51 129 920
22 3234 4090 119 95 20 882
23 3263 4577 51 48 147 1074
24 3275 10903 120 94 1840 4832
25 3328 4557 127 10 127 782
26 3338 4870 133 38 25 1296
27 3441 4401 18 67 143 805
28 3469 8467 45 22 1614 970
29 3570 4257 2 43 112 782
30 3670 9758 39 60 596 1860
31 3670 9758 39 44 596 1860
32 3673 4771 9 47 43 959
33 3731 4468 58 34 8 959
34 3923 3971 58 110 25 1296
35 3928 4183 89 79 26 786
36 4071 6187 98 106 135 1358
37 4267 5981 97 130 136 950
38 4341 6821 2 121 46 1400
39 4431 5860 31 130 25 1106
40 4435 5061 102 108 118 1181
41 4533 5796 126 77 29 1050
42 4641 8119 54 10 44 1413
43 4745 6503 36 127 145 810
44 5057 9401 82 22 39 966
45 5058 5803 54 68 148 583
46 5343 7998 126 9 35 1172
47 5349 6414 41 43 141 715
48 5438 7659 3 100 27 1017
49 5444 6113 24 12 44 834
50 5531 6086 118 64 137 593
51 5541 6652 5 31 18 996
52 5565 5979 100 106 45 600
53 5975 8386 53 123 38 724
54 6338 13590 134 35 140 1350
55 6457 12669 67 89 829 1197
56 6550 9293 120 94 230 1208
57 6850 8992 11 115 238 966
58 7150 8641 3 41 213 906
59 7238 12569 49 8 835 714
60 7340 9311 39 44 149 930
61 7362 11779 123 10 849 1053
62 7472 9784 102 92 136 872
63 7528 11697 34 39 248 1496
64 7529 9064 92 131 125 809
65 7626 8293 121 50 22 676
66 7762 9582 4 56 128 619
67 7868 10019 126 16 249 1077
68 7868 10019 126 136 249 1077
69 7872 10782 46 122 132 805
70 7944 10192 71 58 142 1224
71 8054 13400 108 126 130 958
72 8149 11704 58 115 830 599
73 8161 8485 54 41 57 151
74 8164 9692 1 78 231 1211
75 8211 8671 1 96 231 1211
76 8255 11673 45 106 123 1134
77 8260 10878 59 126 812 1005
78 8271 8376 79 123 11 138
79 8434 9354 69 44 119 758
80 8443 9977 4 135 135 1089
81 8562 10571 24 80 129 668
82 8670 9782 52 131 125 893
83 8827 9213 132 75 45 181
84 8831 9067 100 24 119 758
85 8831 9067 100 24 119 758
86 8945 15605 98 20 944 1116
87 9127 11162 72 47 113 823
88 9144 13011 57 82 147 1260
89 9346 12469 127 114 126 982
90 9530 10768 121 34 130 945
91 9963 14587 68 88 941 1004
92 9975 11977 68 119 314 186
93 10867 19783 93 92 940 990
94 10971 14704 3 23 32 928
95 11133 14692 27 130 125 1560
96 11437 13793 28 98 141 1092
97 11657 13551 7 13 108 1279
98 11673 13134 41 118 470 251
99 11835 18772 53 120 934 712
100 11849 15556 66 123 25 1296
101 11941 13804 95 52 42 742
102 12064 15713 134 96 444 1026
103 12143 13273 21 134 15 696
104 12145 13794 111 7 43 936
105 12250 13504 75 1 45 655
106 12257 16166 53 25 441 755
107 12337 12482 6 24 15 109
108 12350 12798 6 11 26 730
109 12364 12981 25 119 32 995
110 12553 14983 134 90 31 1026
111 12643 12744 3 96 18 228
112 12643 13309 3 53 36 913
113 12674 12898 20 123 43 805
114 12735 14612 24 67 45 1101
115 12854 17763 90 112 923 693
116 12971 13857 68 89 8 972
117 13025 14982 43 30 433 759
118 13037 14178 129 111 43 678
119 13138 13514 79 61 43 515
120 13226 15312 24 138 49 1015
121 13226 15312 24 115 49 1015
122 13263 15717 124 111 442 641
123 13531 15013 104 11 42 761
124 13662 14769 59 101 32 710
125 13828 14751 20 101 14 145
126 13852 16780 42 38 917 619
127 14159 17472 12 74 145 1148
128 14857 16555 78 133 127 849
129 15066 16374 81 83 128 975
15 120
1 51 98 39
4 5 9 15 21 22 24 25 30 31 33 35 37 38 39 40 43 45 50 52 54 57 58 62 64 66 67 69 76 80 81 82 86 88 89 92 98 102 105 
2 54 98 44
4 9 10 11 15 21 22 25 28 29 32 35 38 39 40 43 45 46 47 57 58 60 62 64 65 67 69 71 75 77 85 86 88 89 90 91 93 94 95 97 102 104 106 108 
3 25 64 32
5 13 14 15 17 25 27 31 34 39 41 44 49 51 53 57 58 60 66 67 71 76 79 85 86 87 88 93 97 99 103 104 
4 213 345 32
4 7 13 16 24 28 39 42 44 47 49 51 53 56 60 61 62 67 71 72 74 77 82 86 87 88 94 95 96 104 106 108 
5 49 106 46
1 5 8 9 11 12 15 17 18 24 27 30 31 34 37 39 40 42 43 45 47 50 52 53 55 58 64 65 66 67 69 77 79 80 83 84 86 87 91 94 96 97 100 101 102 105 
6 43 235 42
2 3 4 5 8 11 15 21 25 30 31 32 33 37 43 45 46 47 49 50 54 55 58 67 69 71 72 75 79 80 82 84 88 91 93 97 101 102 103 104 105 106 
7 45 96 45
2 4 6 9 12 16 19 20 21 22 28 29 30 31 35 38 39 42 44 47 49 52 57 58 62 63 64 65 67 71 74 75 77 86 88 89 91 92 95 97 99 101 102 106 108 
8 42 105 49
1 4 6 8 9 11 14 15 16 17 18 22 24 27 28 29 30 31 39 40 41 42 43 44 46 47 49 53 54 56 57 58 60 63 67 69 71 73 74 79 80 85 86 87 88 94 96 99 105 
9 40 100 45
4 5 8 9 10 11 21 22 25 26 27 29 31 32 33 34 35 38 40 43 45 46 50 52 53 54 57 58 62 64 66 69 76 77 82 83 86 88 91 95 98 100 101 102 105 
10 33 79 32
11 18 21 24 26 28 29 30 31 38 43 44 48 55 57 58 60 63 64 65 66 75 77 84 90 93 95 97 101 102 104 108 
11 16 108 49
1 5 6 7 8 9 11 14 15 17 18 27 29 31 32 34 38 39 40 41 42 43 44 47 49 51 54 55 57 58 60 62 63 64 66 71 79 80 86 87 88 90 93 96 97 99 100 103 107 
12 47 108 42
1 4 5 7 9 11 13 14 15 17 19 22 24 26 27 31 39 41 42 44 49 51 57 58 60 62 65 66 67 71 79 80 82 85 88 93 94 96 97 99 104 107 
13 25 68 37
5 8 9 12 13 15 17 21 29 34 35 39 40 53 54 55 57 58 60 62 64 65 66 67 73 76 79 81 82 83 87 93 97 102 103 105 107 
14 22 81 42
5 6 9 11 12 15 18 21 27 30 31 34 39 41 42 44 47 49 54 55 57 58 60 63 64 65 67 73 79 80 84 86 87 88 91 93 96 97 98 103 105 107 
15 197 384 44
2 8 10 12 14 15 18 19 21 22 24 27 28 29 31 35 39 40 41 42 44 47 52 54 55 56 58 63 66 67 72 77 80 82 84 86 92 93 94 95 99 101 104 108 
1 77 3327 50 10 39 966
2 140 1467 69 27 31 859
3 173 3471 8 85 50 1512
4 271 6026 83 104 906 1146
5 459 1621 96 15 145 580
6 694 1609 69 67 29 1345
7 724 1286 54 47 145 452
8 814 1474 102 62 33 1103
9 1225 5027 17 65 892 802
10 1537 4501 35 6 548 1900
11 1589 4192 31 15 53 826
12 1675 3874 105 49 37 690
13 1892 4776 60 43 162 1116
14 1987 4860 74 80 137 816
15 2102 4538 108 15 149 915
16 2227 3742 9 42 144 677
17 3075 4090 35 6 137 950
18 3173 3445 45 96 137 816
19 3281 8170 64 57 43 1323
20 3302 3844 9 73 136 826
21 3379 7109 21 84 27 1071
22 3419 3989 5 33 34 619
23 3523 3738 67 102 34 538
24 3622 3892 85 25 36 677
25 4358 6540 93 104 26 1071
26 4364 9416 34 35 270 615
27 4550 11294 99 101 1004 1172
28 5091 25687 63 57 9009 4620
29 5107 7529 64 16 266 553
30 5368 12868 2 48 1017 896
31 5688 6892 101 83 142 1116
32 5902 6677 42 15 161 881
33 6199 6251 93 7 27 1071
34 6405 13268 41 94 911 1281
35 6418 11764 80 23 999 636
36 6418 11764 80 75 999 636
37 6538 12938 62 53 1024 1146
38 6643 15332 63 66 915 1404
39 6861 11759 4 71 904 710
40 7052 8941 83 81 52 1557
41 7185 8869 76 35 53 1121
42 7301 8556 24 61 159 800
43 7317 8521 39 40 35 1354
44 7391 12185 97 90 910 960
45 7510 8186 34 53 159 720
46 7523 10680 63 4 1000 645
47 7596 11859 22 98 1020 882
48 7601 8325 60 95 36 986
49 7628 14341 10 47 917 1137
50 7809 13071 38 12 681 924
51 7847 10766 75 107 891 610
52 7849 19621 49 24 2808 2049
53 8167 8278 80 95 14 270
54 8167 8278 80 95 14 270
55 8378 11220 58 31 894 947
56 8567 9970 57 4 290 128
57 8598 13366 32 94 898 1123
58 8612 12288 51 45 691 803
59 8680 10258 40 15 510 220
60 8827 11148 9 72 270 804
61 8927 14010 16 46 245 1062
62 9100 10541 99 101 251 586
63 9225 12183 72 32 246 1176
64 9236 12196 86 67 247 902
65 9363 11527 31 102 664 720
66 9558 11853 2 15 228 955
67 9574 12394 84 88 900 977
68 9885 10257 21 53 70 128
69 9885 11515 21 87 230 658
70 9965 11864 55 34 246 870
71 10085 11128 4 102 276 160
72 10183 17679 63 57 1001 1155
73 11289 16600 95 40 1004 1027
74 11299 14768 88 76 46 1208
75 12062 14533 103 20 32 1194
76 12125 14027 39 98 141 1280
77 12246 14234 30 74 27 871
78 12356 15534 21 29 984 1004
79 12361 13799 66 55 152 998
80 12382 17580 76 83 261 1328
81 12557 13468 87 11 124 934
82 12696 17280 60 5 266 982
83 12702 15206 26 65 162 600
84 12806 13499 69 41 37 636
85 12897 14145 1 43 137 468
86 12913 13398 56 64 42 464
87 13119 15321 106 3 28 940
88 13120 14233 37 62 33 966
89 13220 14141 47 91 29 918
90 13360 16070 35 107 156 940
91 13755 16923 41 69 244 1009
92 13889 14367 95 46 44 799
93 14337 21821 38 31 1023 1197
94 14410 25345 94 27 1768 1134
95 14658 18369 73 10 485 924
96 14769 18053 25 72 44 1467
97 14960 17473 14 104 32 1070
98 15075 17929 30 63 52 834
99 15154 17798 86 4 470 757
100 15168 15836 86 99 138 132
101 15168 15836 86 110 138 132
102 15176 17388 65 108 139 992
103 15181 15881 30 93 159 695
104 15201 16912 96 5 27 1158
105 15267 15321 102 3 28 940
106 15374 17162 92 93 149 704
107 15395 20751 25 39 1021 837
108 15590 15732 54 86 17 139
109 15597 16917 52 82 122 753
110 15618 17783 54 39 29 583
111 15698 17281 49 24 468 683
112 15701 16138 42 88 15 749
113 15711 15767 54 86 29 583
114 16263 21785 104 81 145 972
115 16280 23509 40 43 1764 963
116 16454 21507 35 39 156 835
117 16493 19636 50 15 1006 921
118 16795 17062 71 93 34 124
119 17537 21261 22 88 128 699
120 19390 21037 105 17 139 617
24 95
1 43 47 18
10 13 14 26 36 43 48 51 53 54 58 64 68 83 94 100 101 105 
2 42 66 14
9 13 29 45 51 59 69 73 83 93 95 98 100 107 
3 49 50 22
4 29 34 35 37 38 44 46 50 51 52 54 65 69 73 74 80 81 85 94 95 98 
4 67 75 28
5 12 13 15 17 20 23 26 27 28 32 35 38 45 49 69 74 78 85 86 89 92 95 96 100 102 103 106 
5 15 46 25
6 10 13 14 17 18 24 25 30 32 35 40 44 56 58 64 65 71 73 81 83 84 91 98 100 
6 42 56 20
17 23 25 26 29 35 36 37 39 43 45 63 69 74 81 83 89 95 96 103 
7 76 243 24
1 3 4 6 10 11 17 18 28 30 32 35 40 47 51 54 56 69 71 83 85 96 100 106 
8 27 59 24
2 6 9 13 14 15 17 18 25 26 30 35 36 41 46 50 57 61 67 71 73 81 97 105 
9 45 60 25
5 9 12 13 18 23 26 27 29 31 37 38 47 49 57 67 70 74 78 80 81 84 96 100 103 
10 69 73 20
1 4 10 14 19 20 24 32 36 41 59 65 69 71 79 80 83 91 93 97 
11 139 210 24
8 14 26 27 29 34 35 40 41 46 47 48 50 53 58 60 68 73 86 92 95 97 100 106 
12 67 70 28
9 11 14 16 26 29 35 36 40 46 47 50 51 54 55 56 63 65 69 73 81 83 86 95 98 101 106 107 
13 114 160 15
15 16 29 38 41 47 59 69 73 74 83 86 92 95 107 
14 89 73 29
4 13 14 17 20 29 34 38 42 46 47 48 49 50 51 53 54 65 67 72 73 81 83 86 93 95 98 103 106 
15 192 197 15
14 27 37 50 52 66 67 68 69 70 73 81 89 100 102 
16 88 79 27
4 6 8 10 29 34 37 40 43 47 48 52 54 55 64 65 72 73 80 83 86 94 95 97 101 103 105 
17 71 73 21
4 6 14 24 27 38 43 47 52 57 65 67 68 72 73 79 81 86 94 102 107 
18 41 50 21
1 11 13 16 20 26 27 28 32 35 43 46 49 50 51 63 69 73 74 78 81 
19 54 57 17
15 19 26 36 39 43 46 47 50 64 67 70 79 81 91 98 102 
20 54 76 22
4 11 27 28 35 44 46 47 50 51 58 64 65 68 71 74 81 85 89 91 96 100 
21 43 72 27
7 9 14 17 23 25 26 27 29 32 36 39 41 43 46 47 51 63 71 73 74 78 84 89 95 98 103 
22 74 79 15
5 10 14 16 29 38 52 55 57 65 69 94 96 98 105 
23 235 241 21
4 5 6 14 17 19 24 38 39 46 47 51 52 65 70 79 81 95 102 106 107 
24 42 56 28
1 8 9 12 13 15 16 26 27 36 37 40 43 50 51 55 68 69 83 85 95 96 97 100 101 103 106 107 
1 50 1927 16 18 341 640
2 405 1514 38 56 331 563
3 405 1514 38 82 331 563
4 601 2852 24 20 648 2601
5 742 2757 66 41 345 715
6 742 2757 66 22 345 715
7 900 2757 71 23 337 525
8 1027 2686 64 17 100 1112
9 1120 2403 83 54 35 936
10 1120 2403 83 75 35 936
11 1190 2232 19 80 33 814
12 1202 2312 24 20 108 867
13 1252 2077 81 103 18 711
14 1260 3135 2 60 174 791
15 1281 3039 69 94 168 3584
16 1282 2385 40 5 345 367
17 1289 2375 68 47 337 643
18 1407 6035 24 96 1225 2370
19 1442 1669 89 14 16 634
20 1502 2916 67 29 184 688
21 1513 3921 89 39 36 1611
22 1526 4224 46 18 708 1326
23 1562 2133 79 1 83 789
24 1578 1644 28 14 7 142
25 1724 2662 100 63 157 585
26 1895 3464 83 100 188 1239
27 1953 3537 20 98 36 1404
28 2102 3216 59 102 180 1077
29 2104 3143 27 73 38 1067
30 2111 3517 103 105 23 1053
31 2257 4070 73 5 102 1104
32 2269 3858 84 107 31 1208
33 2344 3065 51 52 19 1038
34 2344 3378 69 97 33 768
35 2353 2991 41 38 171 978
36 2368 3990 34 3 115 1134
37 2436 3124 36 4 6 800
38 2440 4227 93 80 26 1552
39 2444 3892 92 95 99 816
40 2503 4168 51 10 39 1396
41 2509 2696 8 98 44 167
42 2509 3471 8 96 111 839
43 2546 2616 51 86 36 1404
44 2563 2892 69 94 21 896
45 2580 2819 69 47 8 156
46 2583 2873 50 38 53 177
47 2585 5842 29 93 115 1232
48 2647 2991 43 106 16 652
49 2647 2991 43 111 16 652
50 2647 3312 55 65 98 929
51 2715 3696 43 31 37 780
52 2814 4985 24 96 175 790
53 2828 3752 13 86 19 1240
54 2871 3515 15 95 14 881
55 3037 4064 54 100 9 1365
56 3053 3693 46 18 177 663
57 3100 3150 54 37 26 1552
58 3104 3546 52 81 24 655
59 3284 5673 10 73 104 1010
60 3342 3534 44 81 12 163
61 3487 9706 64 97 640 1593
62 4045 4971 14 36 98 948
63 4187 9016 47 40 655 1433
64 4831 11719 54 42 732 1161
65 4886 7909 93 27 27 1280
66 4909 8285 17 107 623 1322
67 5038 7824 14 68 23 921
68 5279 6515 25 88 10 985
69 5279 6515 25 13 10 985
70 5589 7604 30 29 638 1146
71 5595 10936 83 81 725 824
72 5648 6558 61 15 115 595
73 5801 8387 102 97 180 1086
74 5832 6312 26 12 110 511
75 5832 6312 26 88 110 511
76 5882 7062 7 102 105 1592
77 6028 6925 95 99 113 1178
78 6028 6925 95 72 113 1178
79 6186 6733 45 83 88 1178
80 6198 8152 43 106 183 901
81 6343 10164 32 50 715 905
82 6431 6723 103 35 60 181
83 6663 8029 26 106 60 181
84 6669 8986 13 85 110 1056
85 6671 8060 26 106 91 225
86 6904 8858 37 29 114 770
87 7037 8688 83 105 93 823
88 7037 8688 83 99 93 823
89 7124 9390 71 96 708 626
90 7199 9846 45 80 180 1152
91 7572 7865 9 73 40 128
92 7598 9635 9 65 190 990
93 7825 9379 95 81 163 990
94 7882 8889 9 96 207 117
95 8049 9141 73 4 173 712
20 103
1 54 76 19
9 13 15 16 26 34 37 38 42 44 48 51 55 56 59 65 67 68 72 
2 11 55 21
4 17 19 23 27 33 38 40 41 42 43 45 48 55 57 58 61 62 67 69 70 
3 11 61 26
1 2 6 9 12 14 17 19 21 23 25 26 27 29 31 32 33 46 53 54 55 57 58 67 73 76 
4 10 49 28
2 5 8 9 13 14 16 20 21 23 27 33 37 38 39 41 45 47 48 53 55 63 65 66 67 68 70 73 
5 151 216 30
1 8 14 16 17 20 21 23 25 27 28 35 37 38 39 42 44 45 46 47 48 57 60 62 63 64 66 69 73 76 
6 11 50 30
3 8 9 11 13 14 16 20 21 23 25 29 38 39 41 42 46 48 52 54 55 59 63 64 66 67 68 69 72 73 
7 46 64 28
5 9 10 13 17 19 23 28 33 38 40 41 44 47 49 51 54 55 57 58 62 63 67 68 69 70 73 75 
8 79 64 30
3 5 6 9 13 15 20 27 28 31 32 35 37 38 39 40 41 46 51 54 56 57 59 60 61 62 65 69 71 75 
9 57 69 28
4 5 14 15 16 19 23 27 28 33 36 38 39 40 41 43 45 47 48 49 51 53 56 63 65 68 70 75 
10 38 54 24
3 5 9 10 11 16 17 19 20 21 23 31 35 37 38 45 46 47 49 51 59 62 67 69 
11 39 62 30
1 3 5 6 9 10 14 17 19 21 24 27 29 31 35 36 37 38 43 45 46 47 49 51 54 57 60 61 67 70 
12 96 177 35
1 2 4 8 9 11 13 14 16 17 18 19 20 21 23 28 35 37 38 42 44 48 52 53 55 56 57 62 63 64 66 67 68 69 72 
13 14 78 26
4 6 8 12 15 20 22 23 24 26 32 33 36 38 40 41 45 49 51 56 60 61 62 63 67 75 
14 96 68 28
4 6 8 12 13 15 22 28 29 30 36 37 39 40 42 43 45 51 52 55 56 57 61 62 65 67 72 74 
15 11 55 30
4 6 13 15 19 26 31 33 38 39 40 43 45 46 47 51 52 53 54 56 57 58 59 60 61 62 65 67 75 76 
16 77 67 33
3 5 6 9 11 15 16 17 19 23 26 33 35 36 37 39 40 45 46 47 48 51 53 56 57 58 60 63 64 67 68 69 70 
17 79 69 30
5 8 9 11 14 22 23 28 34 35 36 37 39 40 42 43 44 48 51 52 55 56 57 64 65 66 67 69 72 76 
18 14 60 33
5 8 13 15 16 17 20 22 23 25 26 28 31 36 40 41 42 44 46 47 54 55 56 57 60 62 63 65 66 72 73 74 75 
19 57 50 23
4 8 12 23 26 28 34 35 40 42 43 46 47 51 52 54 56 59 61 63 67 72 76 
20 189 70 25
2 5 9 11 13 16 21 23 24 33 37 38 44 46 47 54 55 57 63 66 67 68 69 70 73 
1 32 3963 43 30 32 1026
2 124 3120 75 76 35 1359
3 264 761 65 46 26 780
4 356 3018 35 54 34 1114
5 434 2856 23 63 18 1073
6 496 691 53 14 30 647
7 811 2798 41 47 17 935
8 975 19749 65 9 7470 2808
9 1032 2353 9 48 21 936
10 1073 33073 56 10 26712 6102
11 1174 1973 24 67 24 784
12 1261 2105 51 76 29 730
13 1318 1877 21 15 30 611
14 1326 3869 62 57 21 810
15 1395 1703 69 55 7 572
16 1550 3720 15 35 15 728
17 1651 3164 45 37 4 729
18 1674 1720 38 55 24 784
19 1692 4162 41 63 30 880
20 1696 1887 16 15 6 112
21 1778 4095 57 40 36 633
22 1864 3035 26 29 34 826
23 1951 13524 65 9 1245 936
24 1995 2486 33 74 20 652
25 1995 2162 33 37 8 130
26 2146 10177 56 10 3816 2034
27 2153 3185 57 14 113 990
28 2156 2416 21 28 17 660
29 2256 3090 35 75 99 1140
30 2256 3090 35 78 99 1140
31 2299 3946 55 12 13 712
32 2305 2577 55 56 12 105
33 2314 2964 9 60 98 881
34 2317 9095 48 11 710 945
35 2395 2954 47 19 98 991
36 2898 9232 44 22 2124 291
37 3087 8349 67 16 706 803
38 3168 3712 46 35 7 114
39 3178 7146 11 32 174 2826
40 3238 12225 8 33 1240 683
41 3625 7660 22 27 641 942
42 3834 7590 61 73 693 850
43 3933 9086 51 23 96 1608
44 4293 6997 56 10 636 678
45 4381 5468 26 75 29 670
46 4453 5241 4 70 24 489
47 4525 10922 42 45 1228 814
48 4537 5771 71 18 27 1288
49 4603 5699 28 20 29 1120
50 4605 6796 39 54 689 602
51 4655 5363 23 57 7 184
52 4655 5607 23 5 10 1120
53 4769 10923 64 31 630 1188
54 5068 10691 66 72 20 2356
55 5441 10153 47 59 628 891
56 5518 7060 61 8 190 730
57 5712 19588 27 16 4332 3264
58 5723 6838 19 72 180 532
59 5797 9629 44 36 1223 519
60 5797 7462 44 22 354 97
61 6099 9463 9 13 613 1057
62 6267 7141 44 41 31 1256
63 6336 7673 48 70 184 918
64 6357 7001 11 32 29 942
65 6404 6899 52 6 14 1042
66 6436 6726 23 72 76 146
67 6436 6726 23 80 76 146
68 6569 7438 59 47 188 688
69 6809 8773 63 57 611 721
70 7635 10407 66 19 111 1416
71 7704 9243 65 24 25 1032
72 7790 10231 38 11 103 1047
73 7866 9014 51 23 24 804
74 7881 14292 31 62 1251 540
75 7926 18226 49 3 1242 1088
76 7940 10074 60 47 94 1090
77 8111 9961 5 79 183 1260
78 8111 9961 5 52 183 1260
79 8320 9725 38 20 178 1058
80 8493 8760 65 5 47 272
81 8541 9466 55 48 166 1134
82 8640 8927 39 67 8 856
83 9149 12990 42 17 1239 459
84 9222 16943 51 41 1239 859
85 9383 14658 58 66 711 1190
86 9763 11248 44 24 21 1309
87 9914 11094 13 8 23 1165
88 10134 13901 67 44 705 928
89 10136 10675 66 72 4 1178
90 10534 15630 31 73 1225 903
91 10534 12822 12 4 102 1080
92 10671 16711 70 3 705 1344
93 10689 12676 53 63 100 799
94 10817 12587 4 76 22 1026
95 10917 13118 29 13 694 844
96 10990 11639 65 61 31 550
97 11123 11460 43 48 26 429
98 11350 12519 17 45 29 872
99 11357 12495 14 26 85 864
100 11424 15978 27 16 722 1088
101 12181 15179 66 15 688 994
102 12545 12587 20 76 22 1026
103 12951 14071 28 38 344 248
23 82
1 39 76 17
10 11 12 13 31 39 48 62 70 74 76 77 82 86 101 108 123 
2 62 112 16
1 3 10 30 39 62 69 77 84 98 99 105 112 116 123 126 
3 5 66 14
23 24 29 35 50 57 58 64 68 75 76 87 100 124 
4 10 113 19
2 3 4 9 16 36 57 58 63 67 70 76 87 93 100 109 112 122 124 
5 40 111 18
18 21 24 28 29 33 38 40 46 62 68 69 76 83 91 96 98 107 
6 29 68 17
15 20 21 24 28 29 48 50 55 67 70 74 77 94 101 116 121 
7 34 64 14
8 16 28 31 40 41 46 71 75 82 96 109 114 126 
8 11 84 20
2 7 13 18 24 33 44 58 64 68 73 75 76 82 83 90 91 92 96 98 
9 40 64 19
12 13 15 16 20 21 23 28 29 38 50 59 69 71 100 105 121 123 126 
10 21 251 14
4 9 15 16 31 35 60 76 81 83 90 93 108 124 
11 42 78 17
3 44 48 56 62 69 70 72 84 93 98 101 102 112 121 123 126 
12 10 111 19
2 3 4 7 13 15 27 33 44 53 55 57 58 64 67 76 93 98 123 
13 9 104 16
7 15 16 23 44 50 58 60 63 93 102 108 109 112 121 124 
14 8 91 16
6 50 53 56 58 63 70 72 73 84 93 109 112 121 124 126 
15 36 87 20
1 3 6 10 13 31 39 44 56 62 69 70 72 73 74 76 84 98 102 123 
16 36 82 18
2 16 18 23 24 31 38 41 59 67 73 82 91 96 98 119 125 126 
17 7 77 19
7 13 16 24 28 29 33 44 56 64 67 73 75 87 90 97 98 100 107 
18 57 109 12
8 16 20 24 56 93 98 100 109 110 119 123 
19 54 109 12
1 11 15 28 31 50 67 74 77 98 116 123 
20 6 73 18
3 7 13 16 23 28 41 50 53 57 59 68 69 75 76 82 96 107 
21 176 90 15
3 7 10 11 30 44 50 60 72 93 102 104 108 112 121 
22 27 71 28
2 8 12 18 21 23 24 28 35 36 38 41 46 53 56 59 62 67 69 71 76 83 91 94 98 99 114 121 
23 12 68 21
11 12 15 20 23 28 34 39 41 59 62 70 71 94 99 101 103 105 114 121 123 
1 29 9142 101 50 1763 780
2 44 2881 11 27 1520 4840
3 89 1665 11 27 304 2420
4 89 1665 11 27 304 2420
5 133 1411 72 58 301 1341
6 179 1399 11 27 38 605
7 267 1153 72 58 43 447
8 401 6776 31 35 1002 654
9 945 16204 126 53 10668 1965
10 1120 1692 122 109 39 510
11 1356 3752 97 10 269 1365
12 1357 1602 87 119 46 443
13 1445 2864 15 2 334 109
14 1483 5699 15 56 1025 523
15 1652 3462 7 13 255 1187
16 1891 7314 126 53 1778 655
17 1988 2881 24 12 252 1078
18 1988 2411 24 62 76 195
19 2031 21879 6 2 9180 3636
20 2322 5818 92 123 155 1071
21 2522 4118 58 98 512 130
22 2583 4631 58 98 1025 523
23 2624 5084 98 116 154 792
24 2627 5273 7 116 264 994
25 2764 3765 107 82 143 585
26 2840 12571 96 29 4008 906
27 2863 4752 93 104 32 700
28 2883 3970 76 67 138 760
29 2883 3103 76 21 44 153
30 2953 4955 16 105 247 755
31 2961 4655 98 30 50 546
32 2971 3219 46 59 57 117
33 2975 12634 36 73 1002 999
34 2981 3571 46 123 154 503
35 3061 4644 34 81 254 890
36 3290 4263 23 10 15 539
37 3302 3715 31 80 98 151
38 3302 3715 31 24 98 151
39 3306 4601 31 121 247 854
40 3391 4313 11 60 265 658
41 3598 7656 86 67 50 800
42 3715 6157 72 53 244 812
43 3753 4142 123 60 101 178
44 4063 13719 6 2 1020 909
45 4068 5830 73 83 248 698
46 4075 11543 94 90 1008 789
47 4075 11543 94 117 1008 789
48 4276 11745 83 103 1014 805
49 4358 5456 124 96 227 576
50 4477 6131 123 75 145 570
51 4574 10691 3 55 1015 605
52 4616 7110 48 59 30 640
53 4671 6355 125 98 146 665
54 4672 6897 112 107 33 592
55 4793 5413 44 40 153 456
56 4915 8613 109 6 474 525
57 5103 12638 112 114 1009 709
58 5138 6352 123 55 31 832
59 5149 10459 28 16 985 889
60 5329 10700 9 41 1020 579
61 5362 6676 48 36 142 978
62 5428 7536 16 76 474 451
63 5469 6153 82 99 145 571
64 5479 6218 100 4 29 707
65 5561 6473 101 109 147 841
66 5654 6659 108 29 12 100
67 5674 6090 50 93 14 723
68 5680 9565 96 29 1002 453
69 5686 9352 108 110 245 1566
70 6017 8417 31 24 256 1143
71 6181 6473 69 109 147 841
72 6184 11516 124 41 1003 654
73 6184 11516 124 49 1003 654
74 6208 9357 1 63 991 694
75 6322 8078 98 23 228 1158
76 6446 9576 100 28 997 611
77 6650 7035 84 88 73 163
78 6650 7507 84 7 239 1028
79 6650 7035 84 3 73 163
80 7014 7524 70 7 256 1143
81 7308 10463 76 91 992 623
82 8474 10476 56 16 1002 999
