7
99 96
1 6 1525 12
3 7 23 30 47 58 69 81 96 121 122 131 
2 28 1805 16
20 22 33 36 50 66 67 69 71 74 77 79 94 115 119 126 
3 34 4662 20
2 24 38 39 41 43 46 63 64 71 76 81 99 102 109 113 114 117 126 134 
4 26 1104 25
6 12 13 19 20 24 26 27 28 35 46 49 56 82 88 92 93 100 101 102 104 107 120 123 128 
5 126 6363 17
1 25 28 42 44 46 47 51 65 70 74 78 80 101 102 115 132 
6 95 6398 14
2 6 9 10 20 27 34 37 66 73 109 119 121 134 
7 28 1507 12
11 39 42 51 65 74 78 92 104 112 118 132 
8 40 1384 16
8 20 26 43 50 66 79 91 96 113 114 123 126 128 129 131 
9 15 1595 20
8 10 13 23 24 32 51 55 61 83 102 104 115 116 120 123 128 131 132 135 
10 8 1717 20
6 9 15 18 48 60 61 62 66 79 80 81 83 84 93 101 104 114 121 135 
11 18 1104 22
5 8 11 15 23 25 26 28 31 45 46 50 51 61 77 84 86 102 114 121 132 135 
12 15 1104 22
7 15 16 22 26 30 35 44 64 76 78 91 96 98 102 103 107 111 113 119 121 132 
13 27 1717 9
3 27 46 49 59 96 99 114 119 
14 33 1682 24
6 10 12 26 27 31 33 34 45 61 63 66 69 74 77 82 88 94 101 102 106 110 117 122 
15 11 1454 22
1 11 27 32 35 38 39 46 49 51 59 64 69 73 97 99 107 109 117 124 126 127 
16 147 5521 13
4 25 33 36 46 52 79 80 88 98 106 126 129 
17 29 1472 26
2 3 8 14 16 17 19 25 33 34 36 46 50 55 56 67 78 79 88 90 95 96 97 113 125 129 
18 14 1840 16
1 4 13 28 31 37 46 49 59 75 90 95 100 109 115 123 
19 10 1472 11
29 32 46 53 80 81 100 109 114 118 123 
20 54 1805 19
1 2 6 10 14 22 39 41 52 59 62 66 82 102 105 109 122 124 130 
21 17 1121 26
4 5 7 12 20 21 24 31 39 40 41 45 46 49 51 55 61 71 75 77 78 83 90 96 104 123 
22 13 1577 16
1 8 12 13 23 46 55 62 64 77 81 92 101 109 112 123 
23 26 1542 18
13 28 37 38 44 50 59 62 66 75 78 83 90 92 95 96 112 131 
24 20 1367 20
31 46 48 51 53 56 69 72 84 94 98 101 107 113 116 119 123 125 126 134 
25 37 5118 15
2 9 14 16 25 33 50 51 66 70 78 80 93 113 129 
26 9 1051 23
13 20 24 25 27 31 46 48 50 53 56 66 68 72 89 90 96 103 105 107 116 117 130 
27 10 1121 24
5 11 12 19 20 21 22 23 38 43 52 57 66 73 102 106 108 109 115 121 122 126 128 129 
28 24 1717 18
26 28 31 46 47 59 65 75 78 86 87 92 96 104 109 115 118 132 
29 14 1735 15
2 4 20 43 47 58 59 73 81 97 99 101 114 128 129 
30 18 1156 14
11 24 33 34 40 51 52 76 77 97 101 102 105 110 
31 17 1051 22
22 25 36 38 46 58 68 71 73 77 83 90 97 106 112 119 125 126 128 129 131 134 
32 53 1823 22
2 4 10 20 21 31 43 49 50 53 56 70 71 83 87 91 98 101 102 113 120 131 
33 12 1717 24
1 7 20 21 23 28 42 55 59 62 64 66 79 81 88 90 93 101 102 114 124 131 132 135 
34 34 1770 18
24 25 30 46 47 52 55 58 67 69 71 72 83 99 101 106 114 125 
35 12 1647 14
6 24 27 31 34 46 53 79 88 103 115 126 128 134 
36 6 1104 18
14 21 23 52 55 57 59 68 79 83 96 97 101 103 105 107 131 134 
37 9 1349 21
3 4 14 22 24 33 34 43 46 69 79 80 88 97 98 112 114 118 119 129 134 
38 17 1086 19
7 16 22 28 29 30 33 58 59 76 77 81 98 101 102 113 127 129 133 
39 11 1419 12
14 19 22 28 34 51 52 55 74 80 123 131 
40 3 1297 19
1 7 12 14 28 32 37 41 45 59 71 82 95 102 106 112 120 123 135 
41 28 1227 16
3 22 30 33 45 51 55 58 62 69 77 113 125 128 129 133 
42 8 1507 20
6 9 18 20 48 53 55 59 66 91 93 94 98 109 111 113 122 124 125 129 
43 17 1051 20
2 11 14 20 24 31 37 40 46 49 61 81 82 96 97 104 111 122 131 132 
44 50 1595 16
5 8 27 28 36 40 46 51 52 68 73 79 89 125 126 133 
45 26 5083 23
1 2 10 13 14 32 34 55 61 62 66 81 82 93 104 111 112 116 121 128 131 134 135 
46 13 1472 22
2 13 24 34 51 54 56 61 66 72 74 79 81 90 93 102 119 120 121 123 128 135 
47 8 1227 14
5 21 26 32 39 46 55 65 77 82 86 91 97 132 
48 29 1840 16
21 27 35 40 47 53 79 89 95 96 97 99 102 114 116 135 
49 29 1139 21
13 24 25 26 31 32 46 49 53 61 84 88 95 97 102 104 107 112 115 121 123 
50 10 1770 19
2 22 23 32 33 37 46 47 58 68 76 78 99 101 110 117 121 124 126 
51 14 1840 19
2 3 5 8 9 16 22 25 41 45 55 62 88 96 97 98 100 126 129 
52 118 6117 30
9 11 12 17 19 25 28 31 32 36 38 39 42 44 47 49 53 56 59 66 75 77 78 81 90 91 95 118 120 132 
53 23 1437 20
6 21 25 28 43 44 47 57 59 67 71 78 83 86 96 110 115 125 132 133 
54 13 1647 19
9 14 19 25 36 41 46 55 65 80 83 90 97 104 106 112 115 125 129 
55 28 1805 16
11 17 36 38 44 47 56 65 66 77 79 84 95 112 118 131 
56 4 1297 15
1 2 13 14 20 22 28 46 56 62 82 90 112 131 134 
57 39 5521 14
14 20 28 31 48 66 72 90 94 112 115 116 134 135 
58 35 1560 8
1 10 14 22 33 49 103 119 
59 24 1735 24
10 11 13 21 26 47 50 51 59 60 62 75 78 83 86 87 96 101 104 105 112 116 127 132 
60 29 1840 18
1 4 5 7 20 22 24 28 30 31 52 58 73 82 84 99 119 129 
61 7 1349 21
3 8 9 14 24 25 69 72 74 78 83 97 99 107 112 116 120 123 130 131 134 
62 12 1612 14
9 21 27 40 55 69 89 95 99 116 117 119 125 128 
63 187 6713 20
3 4 5 14 16 23 35 43 44 59 66 67 68 78 109 112 116 126 130 132 
64 23 1700 17
10 22 28 29 37 40 41 49 52 62 74 91 96 97 99 109 121 
65 32 1490 16
4 20 28 37 45 46 60 71 75 89 98 102 107 112 115 135 
66 20 1051 11
16 22 24 38 39 51 79 82 96 97 122 
67 22 4294 12
21 31 48 59 65 83 90 97 98 101 124 134 
68 19 1384 19
10 15 16 22 26 33 56 66 67 73 74 102 106 107 109 113 115 120 129 
69 26 1753 14
20 22 30 31 45 50 52 64 67 72 99 122 132 133 
70 20 1525 19
2 25 31 33 38 45 46 62 68 78 99 101 102 111 113 114 119 125 126 
71 39 5662 24
9 15 20 26 28 31 43 46 51 53 60 62 80 89 91 94 98 101 107 114 121 122 128 134 
72 23 1472 19
10 27 35 40 52 55 56 59 62 66 76 86 101 109 115 117 130 134 135 
73 3 1262 19
6 15 16 28 29 45 50 52 59 61 66 69 85 98 101 113 119 125 126 
74 25 1595 19
6 14 27 37 41 43 44 59 63 71 72 81 91 97 99 101 102 113 132 
75 31 1788 21
11 12 27 34 36 43 44 52 55 62 66 76 77 86 89 102 105 108 109 117 130 
76 20 1086 16
2 8 13 24 42 46 59 61 64 83 88 102 106 111 123 131 
77 8 1717 19
9 11 14 20 32 43 45 50 66 69 77 94 97 114 115 117 121 130 135 
78 8 1700 21
15 24 26 38 40 44 46 50 64 74 77 81 101 102 103 109 113 119 126 127 134 
79 9 1437 26
4 11 21 23 24 31 34 38 43 44 54 59 66 68 69 71 74 77 89 94 105 109 119 121 132 133 
80 86 6433 20
7 20 24 28 55 64 77 79 84 99 101 102 109 113 114 125 128 131 133 134 
81 26 4277 21
11 16 26 28 30 35 40 51 52 59 61 82 97 98 103 107 109 111 115 127 135 
82 30 6012 16
13 18 65 66 79 83 89 97 98 101 103 105 109 117 125 129 
83 10 1314 18
9 15 19 23 26 42 47 50 55 69 74 75 87 91 92 93 96 101 
84 24 1682 18
12 14 19 32 34 40 42 47 50 51 55 56 81 101 106 113 125 131 
85 10 1437 21
2 13 15 43 46 50 59 61 70 74 75 83 89 95 97 104 112 116 118 132 135 
86 6 1209 22
16 31 55 65 69 72 97 98 102 105 107 108 109 113 114 116 119 120 124 128 129 131 
87 159 5259 23
1 2 3 8 14 19 23 33 37 38 50 53 56 75 81 84 96 101 102 112 122 125 131 
88 6 1244 24
2 7 8 10 14 16 29 32 45 46 51 63 64 68 78 81 82 91 97 101 110 111 124 127 
89 18 1753 26
3 4 5 6 9 14 21 26 40 43 54 57 69 72 74 77 102 107 109 110 119 120 125 128 132 133 
90 26 1595 21
3 4 21 26 31 35 47 66 68 72 89 95 96 101 107 109 114 129 130 131 132 
91 34 1840 16
3 18 21 24 48 66 79 81 83 99 109 114 117 119 126 134 
92 65 1402 12
19 24 27 34 40 46 68 88 92 95 102 122 
93 32 1525 23
1 2 7 8 14 19 25 30 31 33 37 67 73 74 78 80 93 96 106 113 114 119 125 
94 31 1788 21
14 17 25 34 36 37 40 42 47 56 65 67 77 79 83 90 106 114 115 119 129 
95 5 1139 16
21 26 40 53 59 65 66 83 91 102 107 108 114 116 129 131 
96 8 1577 16
1 6 31 32 34 46 56 61 90 93 111 115 121 122 126 134 
97 9 1104 24
6 25 26 31 34 35 40 46 47 53 59 68 74 78 79 83 88 90 92 107 112 125 132 134 
98 21 1612 21
1 2 6 8 11 14 25 44 46 50 52 64 66 72 97 101 115 125 126 127 134 
99 29 1244 26
8 9 11 12 25 26 36 43 50 52 53 61 63 69 74 76 77 86 89 106 110 115 126 128 132 135 
1 842 105141 85 30 16377 396
2 8463 299014 25 111 30268 9879
3 9380 184468 61 81 113729 972
4 12781 302523 6 46 38565 11064
5 13519 132015 55 61 10248 3816
6 16927 273070 25 111 4324 3293
7 18761 86986 61 81 16247 324
8 18761 86986 61 136 16247 324
9 20439 101527 43 56 2373 400
10 21623 82069 63 5 667 220
11 23688 52446 24 15 509 160
12 25070 97673 27 121 2540 332
13 25562 268243 6 46 4285 2766
14 27038 124329 55 61 2562 1908
15 35908 265847 55 109 2220 2457
16 36272 61220 82 46 8123 81
17 37348 70100 82 46 16377 396
18 37449 69636 119 6 715 252
19 39387 121018 99 110 2416 1431
20 39802 352001 98 43 29932 2846
21 39802 389416 98 43 67347 5692
22 41108 262855 62 54 2469 2063
23 41215 66165 30 138 545 216
24 41215 66165 30 49 545 216
25 41215 66165 30 138 545 216
26 42652 51483 114 50 155 30
27 46719 48392 36 112 113 17
28 46719 48392 36 112 113 17
29 49725 53481 97 118 362 23
30 57088 60532 118 50 296 25
31 57624 118493 53 97 1494 258
32 63457 444505 11 115 24486 13845
33 67302 338599 100 33 7739 1825
34 72520 302131 43 51 3416 5460
35 79604 329552 98 43 7483 1423
36 80832 335547 19 86 6528 954
37 83098 170893 23 36 3915 12284
38 83391 103885 45 24 10248 3816
39 83856 205063 115 132 20424 3080
40 87364 183552 10 97 5957 384
41 97229 308154 113 135 783 6142
42 100631 131218 42 127 499 576
43 102516 292892 19 27 735 4729
44 105836 134342 9 35 624 430
45 109977 127568 11 101 698 472
46 114576 132597 53 26 629 382
47 115249 117248 53 138 249 86
48 115249 117248 53 97 249 86
49 121440 429036 105 120 4365 5994
50 123539 613212 74 122 16348 1708
51 126914 424100 11 115 4081 4615
52 129072 317452 29 112 14626 828
53 130283 237977 92 122 2524 405
54 132499 826603 52 101 16257 4485
55 133898 234248 123 30 2195 340
56 134188 1265605 32 7 28697 3192
57 135609 181567 3 9 487 300
58 136111 139423 47 128 133 55
59 137327 431595 27 79 4355 5088
60 139609 225940 120 97 502 3537
61 141389 223879 107 14 459 2475
62 141418 596008 118 15 16238 1298
63 142507 304907 109 55 496 3640
64 143246 426180 119 71 4373 4223
65 144282 169528 109 34 492 234
66 144576 301416 100 132 14564 596
67 145040 299569 43 51 854 2730
68 146612 152130 28 48 244 79
69 146767 208381 73 69 852 1547
70 148333 178873 27 93 609 1376
71 149626 809737 34 114 16603 3722
72 150010 151621 130 125 97 30
73 156999 162561 40 119 131 119
74 161665 330651 19 86 1632 477
75 164021 191406 126 67 2552 856
76 164089 1235833 6 127 28726 2234
77 165540 316704 132 7 604 2907
78 166197 167761 23 36 783 6142
79 167712 187192 115 132 2553 770
80 169045 311822 11 64 488 2034
81 174729 178446 10 97 851 128
82 177595 182360 109 91 851 128
83 177758 182115 109 91 638 107
84 178337 179794 122 7 37 131
85 196949 202373 53 77 337 26
86 209451 214666 58 84 71 171
87 220059 225884 69 14 233 131
88 223456 242420 48 125 2912 59
89 298937 317283 46 11 1167 61
90 316675 334819 24 20 1249 49
91 323330 329291 19 86 272 159
92 351862 370256 20 50 1249 49
93 404317 422705 72 134 1249 49
94 442616 460984 96 5 833 115
95 583045 600875 89 107 833 115
96 640943 672146 14 78 1510 84
91 133
1 54 1429 44
1 9 10 17 20 25 27 31 34 35 36 38 46 52 56 63 65 71 73 74 77 78 79 80 82 85 87 92 93 94 96 97 98 105 106 107 109 112 113 114 122 123 132 134 
2 42 1050 36
4 6 10 12 15 17 24 28 29 41 46 47 48 49 54 56 60 63 64 71 73 78 80 81 88 94 98 101 105 107 110 111 113 115 122 130 
3 40 1635 32
1 4 5 7 15 25 32 35 36 40 43 44 46 55 63 64 68 73 79 87 99 100 102 110 119 125 128 130 131 132 134 137 
4 8 1119 30
1 7 11 14 16 18 29 31 34 35 63 64 66 69 72 73 74 78 84 88 101 103 109 112 117 119 122 130 133 135 
5 49 1756 25
8 11 12 25 28 30 35 37 42 49 53 54 59 60 64 73 75 77 81 90 103 111 113 127 137 
6 61 1480 35
1 4 6 11 17 23 27 30 31 34 35 36 37 38 44 51 52 54 55 76 78 82 88 89 90 92 100 105 106 109 110 121 123 124 129 
7 65 1808 37
1 8 9 15 28 34 41 42 43 44 47 52 53 55 57 58 60 63 64 68 69 73 78 83 90 91 94 97 105 108 110 112 115 117 119 136 137 
8 59 1549 40
1 4 10 13 14 16 23 25 29 30 35 37 38 43 46 54 56 58 63 65 67 72 79 88 92 94 95 99 101 106 110 113 116 117 119 122 124 129 134 135 
9 162 6888 43
5 6 7 8 11 15 16 17 20 27 28 31 37 38 39 44 47 58 62 63 66 69 71 72 73 75 87 91 94 96 97 103 107 109 112 116 121 125 126 129 130 131 137 
10 14 1084 43
2 5 10 15 18 28 30 32 33 52 54 55 58 59 63 66 68 69 71 72 75 77 78 84 88 90 91 96 100 102 107 109 113 115 118 119 128 129 130 132 135 136 137 
11 61 1377 30
5 15 17 22 32 34 46 48 51 55 56 60 67 72 73 74 83 88 92 99 101 102 105 110 115 120 123 126 130 135 
12 48 1670 24
5 11 15 17 19 20 30 34 40 61 62 63 77 80 97 108 110 111 120 126 128 130 134 136 
13 60 1257 27
16 18 25 28 34 52 58 60 69 78 79 80 88 97 98 100 101 106 114 121 122 124 126 128 130 132 133 
14 57 1618 34
1 3 4 5 6 12 24 27 28 34 40 43 46 48 49 56 60 67 70 71 80 94 101 105 108 109 111 114 117 122 126 130 134 135 
15 55 1532 34
2 6 8 9 10 12 13 17 18 21 23 29 35 37 43 47 52 59 77 80 84 85 87 91 95 97 98 101 105 113 119 127 128 133 
16 17 1377 36
1 4 9 10 12 18 33 35 37 38 39 41 43 54 57 63 71 78 82 90 92 93 94 95 96 97 102 109 110 112 115 117 123 126 129 135 
17 28 1136 33
1 10 14 15 19 23 29 30 36 37 42 43 55 59 70 72 78 79 82 83 86 92 106 108 110 111 113 124 125 129 131 135 137 
18 63 1480 19
6 16 18 29 37 41 54 56 59 61 63 64 67 80 82 108 113 129 133 
19 46 1498 26
9 18 19 40 47 48 52 53 60 70 73 78 81 90 97 101 106 108 110 111 114 120 121 132 136 137 
20 35 1325 30
2 5 16 18 20 25 26 40 56 57 63 70 72 76 77 85 95 97 98 108 109 111 113 116 119 122 124 129 135 136 
21 34 1033 31
1 2 3 4 5 12 15 17 18 19 28 37 40 43 45 58 66 69 77 79 80 86 87 88 97 102 107 109 110 119 126 
22 9 1291 39
3 4 11 12 18 22 28 30 31 34 36 37 55 56 68 69 70 72 81 92 95 98 100 102 103 104 107 111 112 113 120 121 124 125 126 130 135 136 137 
23 47 1308 22
11 27 30 34 40 51 53 58 62 66 67 73 74 76 88 89 91 95 98 117 123 133 
24 31 1136 27
1 3 4 16 17 24 28 29 38 40 41 42 55 71 73 76 78 80 83 85 89 91 96 105 111 123 124 
25 50 1170 37
5 15 17 21 24 25 27 30 38 44 47 48 49 53 54 59 63 69 76 78 82 88 91 92 94 102 106 107 108 109 110 111 119 123 127 135 137 
26 5 1067 24
2 5 14 16 23 26 49 56 69 72 74 80 90 93 96 107 109 113 122 125 130 131 132 135 
27 67 1601 38
13 14 15 20 25 27 30 31 36 38 40 42 45 47 52 54 56 63 68 74 76 77 79 80 90 98 100 106 112 115 120 122 123 124 127 132 135 137 
28 140 3650 31
8 11 12 17 18 30 37 42 44 47 52 59 68 71 73 76 78 81 82 87 91 94 102 105 106 107 109 110 112 119 123 
29 167 6199 35
1 4 11 12 18 22 24 25 31 37 39 40 68 69 70 74 76 77 78 79 83 90 93 96 101 105 110 114 115 119 120 125 134 135 137 
30 8 1498 22
9 16 21 22 24 27 28 34 55 80 88 89 91 95 105 107 113 126 129 130 133 134 
31 8 1567 32
1 8 9 15 18 20 27 28 32 36 37 38 45 55 60 64 75 76 91 92 100 104 105 107 109 112 114 115 116 118 126 128 
32 26 1050 16
2 8 21 29 32 35 43 54 59 64 66 85 88 89 95 110 
33 10 1446 21
9 11 27 32 40 53 59 63 64 79 88 96 97 110 116 124 126 128 130 131 137 
34 21 1498 40
3 7 15 22 26 27 29 32 40 41 49 54 55 60 64 65 67 68 69 70 71 72 73 74 76 77 83 88 89 90 93 99 101 102 105 110 115 120 132 137 
35 9 1205 37
3 7 14 15 17 19 20 28 30 31 33 40 41 44 52 59 64 65 66 71 75 77 78 79 86 91 93 96 109 115 116 119 120 122 124 130 136 
36 54 1790 28
6 8 15 16 20 26 29 30 31 34 37 38 52 56 65 74 77 88 92 98 112 113 114 125 128 129 135 136 
37 27 1170 37
4 5 6 9 14 15 16 18 20 22 30 31 33 34 36 40 48 52 54 58 62 66 72 75 78 82 87 88 91 98 100 103 106 109 121 123 129 
38 13 1808 22
2 7 23 25 28 30 31 33 35 52 55 58 60 76 77 90 99 109 114 115 125 132 
39 43 1584 40
7 10 11 12 17 22 23 26 29 40 42 43 49 51 53 63 65 67 69 72 74 76 77 84 88 89 91 96 101 102 103 111 113 115 117 120 125 128 132 133 
40 50 1360 40
3 7 10 12 16 20 27 31 32 34 37 39 41 42 44 45 52 56 59 68 69 71 75 76 77 82 83 84 88 89 90 91 95 99 107 114 126 129 130 132 
41 63 1394 27
8 11 15 18 30 33 34 38 41 49 53 54 56 63 70 73 80 85 92 97 103 104 109 113 117 122 137 
42 20 1480 33
1 2 3 12 18 27 29 37 39 40 49 53 59 64 70 73 74 86 97 102 108 113 116 119 122 125 126 128 129 130 131 135 136 
43 28 1033 33
1 4 5 6 10 18 22 27 30 36 37 41 44 48 49 54 55 58 63 69 76 83 87 88 89 90 92 93 94 99 105 106 130 
44 47 1170 37
2 3 12 15 21 32 35 37 40 46 59 63 74 75 77 79 80 85 87 88 89 90 91 92 97 100 103 107 108 112 114 115 117 118 120 126 132 
45 193 5493 28
9 17 22 24 32 37 39 41 61 67 70 71 76 82 83 89 92 96 109 110 113 122 123 126 128 133 134 137 
46 61 1480 26
7 18 20 28 31 34 40 41 42 58 66 71 76 77 79 80 84 85 98 99 109 113 117 118 124 133 
47 59 1515 27
3 7 8 16 20 27 31 34 36 37 42 44 45 77 81 85 89 91 99 100 106 107 113 114 128 130 132 
48 24 3461 36
7 11 12 13 25 29 30 35 36 42 44 53 55 61 67 68 70 72 73 77 80 88 89 90 91 92 95 96 101 113 114 115 118 128 129 137 
49 44 1102 27
5 7 9 12 21 22 28 29 30 34 35 44 49 55 56 58 60 63 64 75 80 83 92 109 111 113 130 
50 43 1377 26
1 5 18 19 28 33 34 36 41 53 54 56 57 66 70 75 84 88 89 93 101 103 106 109 129 136 
51 47 1756 41
1 2 16 17 20 21 25 29 31 35 37 41 56 71 72 74 77 78 79 81 83 84 85 88 92 93 95 96 98 101 103 105 115 116 119 124 125 127 129 130 137 
52 9 1119 39
2 3 9 13 14 15 16 18 21 24 25 31 37 38 40 53 56 58 60 62 66 72 88 94 95 98 101 103 106 109 113 125 126 128 129 131 132 133 136 
53 69 1739 39
10 14 25 29 30 32 34 36 37 39 41 42 44 47 51 53 54 55 56 58 72 74 78 87 88 89 91 93 98 103 110 114 120 123 124 125 126 131 137 
54 30 1446 34
1 9 10 11 12 20 24 30 33 34 37 41 42 43 48 58 59 63 68 69 76 78 87 88 97 98 101 102 106 107 111 123 129 135 
55 53 1515 33
9 10 17 18 22 26 32 37 41 49 54 64 67 70 71 72 80 83 87 89 90 93 113 114 117 118 119 120 123 125 126 132 134 
56 49 1291 41
3 10 11 16 20 27 34 36 37 38 39 40 44 48 54 72 74 75 77 81 82 83 84 87 91 92 95 96 98 99 105 113 116 117 118 120 121 124 125 131 133 
57 12 1429 41
1 3 4 6 9 11 12 20 23 27 32 36 43 55 57 63 65 67 73 74 76 77 82 86 91 92 93 94 95 96 105 108 111 114 116 123 125 128 132 133 137 
58 15 1033 42
6 7 8 10 12 17 23 27 40 48 51 53 54 67 68 71 75 76 78 79 80 83 84 86 88 90 92 101 105 108 110 113 115 117 122 125 126 128 132 133 135 137 
59 215 5975 35
1 5 6 8 9 10 13 15 16 30 33 36 40 42 45 51 52 55 59 63 71 78 80 83 86 89 93 111 112 126 128 129 130 131 137 
60 55 1549 35
18 27 28 33 35 37 39 40 41 44 55 56 68 72 74 75 77 80 84 85 86 87 89 93 96 99 106 107 113 119 120 128 129 132 137 
61 36 1532 27
4 5 10 11 13 18 25 34 35 36 42 46 59 60 61 62 67 72 73 78 81 100 106 113 125 128 134 
62 36 1308 36
1 2 3 5 6 16 30 31 34 37 39 42 45 47 52 55 56 65 74 75 78 81 86 87 89 96 97 100 114 116 117 124 128 130 132 135 
63 10 1188 32
1 2 12 20 21 25 27 29 30 34 37 40 42 55 58 60 64 65 67 68 74 84 95 98 109 110 116 118 119 126 128 133 
64 57 1394 23
6 17 18 20 24 41 56 61 69 76 77 82 90 92 93 96 105 107 111 119 128 130 137 
65 49 1722 24
1 6 8 12 21 28 29 39 40 54 55 64 66 72 79 80 88 92 95 97 119 134 135 137 
66 38 1584 32
4 25 27 31 33 35 41 47 48 51 53 55 56 59 74 82 83 84 88 89 90 94 98 99 103 105 106 110 111 112 123 137 
67 41 1549 43
3 4 6 11 12 14 20 23 24 25 28 37 41 47 54 56 58 60 64 65 72 82 90 92 93 94 95 96 99 100 101 106 109 110 113 114 117 118 128 131 134 135 136 
68 48 1136 31
5 16 17 29 56 57 60 61 63 64 67 72 73 80 81 83 90 98 101 105 108 110 112 114 115 117 119 124 128 133 136 
69 65 1739 28
4 7 27 28 32 34 37 39 41 43 46 49 51 55 63 71 72 73 74 80 82 87 88 101 117 128 132 137 
70 218 5338 14
4 9 17 25 46 47 64 73 85 102 103 109 110 125 
71 37 1567 20
16 18 20 29 38 43 74 84 90 93 96 101 102 106 110 111 113 115 120 135 
72 4 1084 26
9 11 23 32 36 43 55 59 77 85 88 89 92 93 95 101 105 107 113 116 120 125 128 129 133 134 
73 32 1170 23
10 14 15 30 39 40 42 62 71 76 77 84 91 96 100 101 108 111 114 117 120 126 137 
74 10 1119 34
1 6 8 9 14 16 20 23 24 25 28 30 36 47 53 56 58 62 64 77 89 90 92 93 96 97 106 107 114 117 120 122 125 131 
75 49 1308 24
5 7 11 18 31 34 43 47 49 58 67 69 73 80 83 89 92 93 107 111 124 126 130 133 
76 70 1808 25
1 5 15 17 20 28 31 32 43 44 47 49 55 56 57 66 71 87 100 107 110 117 119 124 131 
77 44 1084 39
21 24 26 31 35 36 38 39 42 49 52 53 54 56 58 66 71 74 76 77 79 82 88 89 91 92 94 95 98 100 108 116 119 121 123 124 127 131 133 
78 32 1257 28
1 3 11 12 18 26 28 34 35 44 54 63 64 67 73 77 78 79 80 90 97 100 108 109 110 113 119 120 
79 20 1584 40
4 6 7 10 13 14 15 16 26 27 29 31 35 37 38 40 42 43 48 53 54 63 65 70 73 74 76 96 99 103 105 110 115 118 119 120 128 129 131 135 
80 65 1704 17
2 5 25 29 31 34 43 66 86 88 89 99 107 114 115 120 132 
81 29 1050 31
2 13 15 16 18 22 23 27 30 35 37 40 41 44 45 49 60 67 71 77 78 86 88 100 105 111 112 115 120 125 128 
82 57 1412 35
3 4 10 12 17 18 24 37 41 43 48 52 53 64 65 66 73 80 87 88 90 91 104 105 107 112 115 116 117 125 126 128 129 135 137 
83 11 1343 36
3 6 7 9 18 21 22 25 26 28 30 34 35 37 40 51 63 64 65 70 71 74 77 78 79 90 100 105 111 116 119 122 125 126 128 129 
84 39 1429 28
2 5 6 20 21 25 30 34 38 51 57 59 66 79 80 82 88 91 98 99 103 115 117 118 123 125 129 131 
85 39 5097 34
3 7 11 14 18 29 30 35 38 49 53 58 63 64 65 67 73 74 78 80 90 91 93 94 96 102 106 111 113 114 115 116 117 133 
86 111 6578 29
3 6 10 12 17 39 43 47 59 61 66 72 73 86 87 92 95 96 97 101 107 116 125 127 129 131 134 136 137 
87 187 4924 33
1 5 10 11 15 17 23 25 26 34 37 40 44 53 54 58 63 68 70 71 73 79 91 99 105 108 114 118 123 126 129 131 137 
88 47 1153 28
2 21 29 32 37 39 42 43 44 48 49 52 60 63 64 66 67 70 77 80 81 95 102 108 109 127 130 136 
89 45 1188 31
4 5 8 15 21 30 33 36 37 45 53 64 65 71 76 77 79 80 82 90 93 107 109 113 114 115 125 128 129 131 135 
90 72 1739 25
7 10 15 16 30 34 36 40 42 52 59 67 69 70 72 77 85 88 97 98 105 115 125 128 135 
91 7 1050 33
9 11 13 14 22 28 34 38 39 46 47 52 54 60 67 73 76 80 87 90 94 97 100 101 109 113 114 122 123 131 132 136 137 
1 707 49670 55 126 707 376
2 2235 48151 15 108 688 278
3 4200 102841 42 1 2249 3100
4 6120 142271 92 115 533 4600
5 7447 36941 53 31 229 46
6 7468 139310 135 52 464 3864
7 7845 473049 120 25 7456 2800
8 8183 509281 99 73 51849 7392
9 10831 96271 45 84 663 1963
10 11696 455259 131 136 77007 1701
11 12862 79281 76 136 553 1531
12 14941 161778 59 95 99000 624
13 16367 464839 99 73 7407 2464
14 16629 99867 10 77 2535 2170
15 23392 389253 131 136 11001 567
16 28837 306845 58 138 4268 3888
17 28837 306845 58 123 4268 3888
18 29883 73778 59 95 11000 156
19 33452 300825 30 9 3962 3032
20 35377 376748 52 22 10882 413
21 36808 790875 22 42 488820 1740
22 40506 231745 70 108 3968 420
23 41765 43648 21 16 100 139
24 42456 373514 109 4 11415 15366
25 42563 299968 27 128 2497 5600
26 45519 287218 39 130 2356 4368
27 45766 226618 18 94 3994 336
28 48827 51254 125 29 44 184
29 50948 68885 124 27 2415 104
30 52560 958951 79 7 28127 5487
31 59767 64978 59 95 2200 78
32 66861 144203 52 119 4188 600
33 66861 144203 52 119 4188 600
34 68066 222013 96 39 2468 5850
35 71366 218454 47 119 2427 4797
36 73617 383525 22 42 81470 580
37 80089 354155 70 32 2185 6650
38 81421 929553 134 133 28088 4279
39 81801 120190 64 125 2380 216
40 83418 350670 90 58 2305 5985
41 84912 364382 109 4 2283 7683
42 85524 111794 95 41 2439 190
43 85524 111794 95 141 2439 190
44 87251 409763 80 100 2199 4134
45 88561 347297 29 107 2446 6223
46 88866 146424 88 36 648 1508
47 90456 365062 2 49 447 1599
48 90693 400851 23 13 2438 2893
49 90783 144044 34 37 682 1176
50 93563 180326 119 102 2369 546
51 97933 373745 41 97 4074 7488
52 102782 177352 129 71 2374 491
53 106078 109246 25 9 124 140
54 107239 362724 128 78 661 1183
55 107404 111185 37 132 164 195
56 112458 116476 9 132 124 140
57 119688 131738 53 119 124 106
58 121091 124823 26 113 173 171
59 123029 149570 12 105 781 330
60 126751 147823 102 84 633 231
61 128633 133187 129 68 156 33
62 131923 312011 39 19 2505 3825
63 133723 140713 52 119 698 200
64 135181 138835 3 96 602 140
65 135335 377372 133 132 4299 4247
66 138490 1132674 70 133 28218 2788
67 140318 365305 88 33 4129 3440
68 140386 145360 137 47 124 140
69 140386 145360 137 140 124 140
70 140553 307893 126 130 2374 2754
71 142034 154772 96 72 431 44
72 142190 172019 69 28 360 137
73 145289 148833 20 103 173 171
74 147235 318349 22 42 16294 290
75 148756 287536 118 3 751 2460
76 150583 283605 90 73 750 1795
77 164498 301069 135 4 15930 243
78 165835 373622 22 75 486 4582
79 167930 371952 13 56 538 3894
80 168197 1103953 72 128 28265 2174
81 169269 356623 54 37 2362 4550
82 170965 312689 45 130 2211 3036
83 174502 183795 74 6 372 70
84 174641 263202 14 141 4049 450
85 174641 263202 14 102 4049 450
86 174834 339055 120 108 2495 3503
87 176611 180105 34 40 128 166
88 178625 181562 5 12 131 78
89 178655 723343 55 60 14552 4455
90 178995 183869 5 12 2438 2893
91 179777 258079 30 48 3894 378
92 181485 185638 105 32 124 114
93 183822 309658 44 129 2572 2368
94 187052 330657 109 37 676 1326
95 188861 329080 8 105 655 1087
96 190181 270479 41 9 785 4224
97 192389 268209 24 6 860 3463
98 193733 707858 112 18 14603 3385
99 193952 368824 70 112 28376 552
100 195866 370253 41 97 582 2496
101 200414 368406 72 44 612 1946
102 204333 234552 67 19 839 1296
103 206058 217902 69 96 112 106
104 207091 221937 18 108 523 1153
105 209347 212699 37 95 174 192
106 211368 214469 101 132 53 64
107 215749 219922 48 76 117 197
108 215749 219922 48 76 117 197
109 222937 339051 122 110 28179 386
110 228122 240127 17 80 206 119
111 229860 235389 132 41 53 64
112 236606 253984 123 34 192 132
113 239815 241876 35 127 52 51
114 239945 243759 18 105 200 153
115 239945 243759 18 139 200 153
116 241856 271294 35 8 389 64
117 244795 249359 118 38 2283 7683
118 248756 254581 90 38 284 118
119 251934 295261 113 69 14089 96
120 254297 259130 82 129 284 118
121 257565 273089 34 47 244 112
122 261897 263217 54 74 661 1183
123 264035 265343 126 73 655 1087
124 270881 272651 28 61 54 45
125 283028 286474 70 55 29 64
126 283446 286572 70 55 33 52
127 309162 318497 106 38 389 64
128 320264 321426 133 25 582 2496
129 320750 323079 18 77 33 52
130 445047 461407 41 110 881 135
131 475776 492510 110 53 881 135
132 520758 552112 52 99 1937 147
133 636182 667401 2 62 1659 82
91 226
1 34 1199 23
1 3 6 13 14 15 20 22 27 29 32 34 38 39 41 43 57 76 81 84 87 96 100 
2 30 880 36
1 6 7 16 17 19 23 25 27 30 33 35 42 43 47 51 58 60 64 70 71 72 77 79 84 92 94 95 99 102 104 106 107 109 110 112 
3 51 931 35
1 4 6 8 16 17 22 23 25 29 33 34 42 45 47 52 53 54 57 59 62 63 69 72 77 85 94 97 100 104 105 107 108 109 113 
4 22 931 36
1 6 8 13 19 20 22 25 28 32 33 34 41 42 43 45 46 53 66 68 69 70 72 76 77 78 79 80 84 85 94 95 104 108 109 113 
5 13 893 38
1 3 4 6 9 10 11 14 20 22 27 28 29 32 34 37 42 44 45 49 54 58 60 64 67 69 73 76 78 80 85 88 97 98 99 104 107 112 
6 11 995 44
7 8 10 14 16 18 21 22 23 24 25 27 28 30 31 32 35 36 42 45 47 50 54 64 65 66 67 71 77 80 87 90 91 94 96 97 99 100 101 103 104 105 107 110 
7 16 791 29
1 5 6 14 16 17 19 20 21 23 30 32 38 42 47 55 61 66 71 72 79 82 83 94 98 102 106 107 110 
8 8 1186 29
5 6 7 14 17 21 27 31 32 33 38 42 43 44 46 52 59 64 66 67 71 74 77 79 84 86 94 99 107 
9 26 1212 32
5 6 7 8 10 11 12 25 26 29 34 35 40 43 49 50 63 66 70 72 77 78 80 85 91 92 94 96 99 102 103 106 
10 20 842 36
1 9 12 13 19 22 24 26 32 40 41 43 44 49 54 61 63 64 65 70 75 80 81 82 84 85 87 94 96 97 100 102 103 107 110 111 
11 5 918 30
3 5 6 7 10 13 15 27 31 42 44 46 49 50 51 58 61 67 80 81 84 88 96 97 99 102 104 106 109 113 
12 70 1237 35
4 6 9 11 12 14 16 24 25 29 33 40 46 48 49 50 52 54 59 62 65 67 70 75 77 79 82 83 86 90 91 92 109 111 112 
13 30 1288 37
1 2 4 7 16 25 26 27 32 34 36 37 45 46 47 49 53 57 60 61 68 70 71 72 79 80 81 82 83 84 92 100 103 104 109 111 112 
14 33 1327 26
9 12 17 21 23 24 34 44 47 51 52 57 70 72 74 77 79 80 84 85 86 95 100 104 108 109 
15 30 1161 31
1 4 8 12 13 16 23 28 30 32 43 45 58 64 67 68 70 71 76 78 84 87 94 98 99 100 108 109 110 112 113 
16 33 1276 35
1 3 4 11 12 13 16 18 19 21 25 26 33 34 36 43 44 48 50 51 53 62 67 83 85 88 91 96 100 102 105 106 109 110 113 
17 62 3853 40
1 2 3 5 9 12 13 14 17 22 24 36 38 42 43 45 50 52 55 56 57 61 65 67 68 71 74 76 79 80 83 85 88 94 96 98 100 101 107 110 
18 38 1327 36
1 2 8 12 14 15 16 23 24 27 29 31 37 41 42 44 49 50 53 59 64 67 68 69 70 72 76 84 89 91 92 94 100 101 106 110 
19 13 854 29
1 6 14 16 20 22 23 33 41 42 52 55 59 60 61 66 69 70 72 74 84 86 87 93 94 96 97 99 111 
20 22 3598 29
1 3 8 15 18 22 24 32 33 42 50 54 56 57 63 68 70 71 72 74 79 83 85 87 92 95 98 99 104 
21 28 957 46
9 11 12 14 16 22 23 25 27 28 32 34 36 38 40 42 47 51 53 54 55 57 58 59 60 62 64 67 70 75 80 82 85 87 88 90 91 93 95 96 97 100 101 106 109 112 
22 24 1237 39
1 4 6 21 26 27 30 32 34 35 43 49 52 53 57 59 60 61 62 66 71 73 75 79 82 83 85 86 88 91 92 95 102 105 106 107 110 112 113 
23 9 1033 42
2 6 10 13 14 15 23 25 26 29 32 33 34 36 49 51 53 54 64 66 69 70 71 74 75 76 79 80 81 84 85 88 90 96 97 103 107 108 110 111 112 113 
24 50 4249 42
1 4 9 11 14 15 18 19 21 24 26 29 38 40 41 43 44 48 49 52 53 57 58 61 63 69 73 76 80 81 82 86 93 94 97 98 102 103 104 105 107 112 
25 52 1224 29
3 7 11 19 20 21 33 41 43 46 52 53 55 57 60 67 68 71 72 78 83 85 91 92 99 104 105 106 109 
26 23 816 47
1 3 8 10 16 17 23 24 26 29 31 32 33 34 35 37 42 43 47 54 56 57 58 59 63 64 65 69 71 75 83 85 92 93 94 97 99 100 101 102 104 105 106 107 108 109 113 
27 39 1084 35
2 11 12 15 23 24 27 29 33 37 42 44 48 50 54 55 57 60 61 64 67 68 69 70 73 78 82 88 91 92 95 96 101 108 112 
28 31 1237 40
3 4 7 10 14 16 23 24 25 26 27 30 32 36 39 43 44 45 46 47 51 53 62 65 68 70 71 73 74 75 80 83 87 91 92 95 103 105 109 111 
29 37 982 34
5 6 13 17 19 28 30 32 34 35 41 42 44 45 52 60 64 67 68 69 72 77 81 82 84 85 89 94 97 98 102 107 110 111 
30 59 1084 34
1 4 14 21 25 30 32 33 35 37 38 39 41 43 46 56 57 58 59 60 66 67 71 76 77 82 84 92 96 100 101 108 111 112 
31 24 982 41
1 9 11 15 18 22 28 31 32 33 34 37 39 41 42 44 49 50 52 55 57 58 59 60 61 64 68 77 80 81 82 84 87 94 95 101 102 103 106 107 109 
32 8 1186 34
2 8 9 10 14 16 18 19 23 30 35 36 40 42 54 59 62 64 68 69 70 72 82 84 87 88 91 97 99 100 101 103 106 110 
33 11 791 32
3 7 11 21 23 30 36 39 40 41 42 44 48 53 56 57 58 69 71 75 78 81 85 90 97 103 105 106 107 109 111 112 
34 19 969 34
3 7 9 10 11 12 19 24 28 33 40 43 44 52 53 55 60 66 67 70 71 81 82 83 90 91 95 101 103 104 106 109 111 113 
35 29 1059 40
1 4 7 9 11 14 16 21 26 27 28 29 31 32 34 44 46 48 49 51 53 58 59 60 65 67 68 69 73 80 82 85 87 91 95 99 100 106 108 110 
36 36 1301 32
4 14 16 19 22 27 32 36 38 40 41 47 48 49 52 53 57 59 61 64 65 66 67 69 89 90 92 94 96 99 105 113 
37 25 995 34
1 11 12 15 16 18 27 33 40 41 42 48 49 55 59 65 67 69 74 75 77 81 83 85 88 92 94 96 102 105 106 108 110 113 
38 26 905 29
3 5 6 8 10 14 19 20 23 27 28 30 42 51 53 55 57 61 66 68 70 73 76 84 85 101 102 106 110 
39 25 1084 40
2 4 12 14 16 18 19 21 22 24 26 29 32 34 42 50 52 57 59 64 67 68 69 74 75 77 80 81 82 83 88 91 93 94 97 99 102 103 106 113 
40 14 880 34
3 5 6 9 14 34 40 44 47 50 53 59 60 62 67 70 73 79 80 81 85 87 88 90 91 93 96 97 100 101 102 104 108 111 
41 18 778 29
3 6 8 11 16 17 18 20 21 23 29 33 36 38 47 55 57 66 73 76 84 92 94 100 102 104 105 109 112 
42 12 765 31
6 14 16 20 22 23 27 33 35 38 41 43 52 53 55 58 60 62 64 70 71 73 85 89 93 100 102 104 107 108 110 
43 22 829 38
1 3 6 10 13 17 18 25 27 29 32 35 47 49 52 54 57 58 59 60 65 66 68 72 74 76 79 84 85 86 92 94 98 100 102 103 108 112 
44 50 1097 36
4 6 9 10 11 21 23 25 26 28 29 30 32 33 35 38 46 49 51 52 60 63 67 73 75 84 85 90 92 93 100 102 104 106 110 111 
45 3 1020 23
6 10 15 22 32 37 50 66 67 69 71 74 75 76 84 86 87 88 96 97 100 104 109 
46 24 995 39
3 5 9 14 16 19 21 26 27 28 31 32 33 37 39 44 48 49 55 56 58 66 67 68 69 75 77 78 82 85 86 91 94 98 100 106 107 109 111 
47 12 982 41
2 4 11 14 16 18 19 24 26 34 37 40 41 43 48 52 53 55 56 57 59 61 65 67 73 77 78 81 82 86 88 89 94 95 96 97 99 103 110 112 113 
48 13 1122 34
10 14 15 17 19 22 27 28 29 30 31 34 39 42 44 45 50 52 60 62 65 66 67 69 70 71 80 81 84 88 91 98 106 107 
49 15 1059 35
3 5 9 14 18 19 24 26 28 32 35 37 40 43 45 48 54 55 58 62 64 65 66 70 77 78 80 82 85 94 97 99 100 103 104 
50 36 944 33
1 7 14 16 18 20 21 23 25 27 28 32 35 38 40 43 50 59 62 70 79 81 86 87 88 89 92 96 98 99 102 104 110 
51 33 1288 32
3 14 19 21 24 26 32 34 35 40 41 43 44 45 46 52 56 62 68 71 78 79 83 85 87 94 96 97 100 102 109 111 
52 10 854 32
1 6 9 10 13 14 27 29 31 39 43 44 50 52 53 62 64 67 68 69 70 71 73 74 82 85 86 88 91 98 103 107 
53 18 905 41
3 10 13 14 15 16 18 19 22 24 25 28 29 31 32 33 34 37 39 40 42 50 52 56 64 66 68 69 77 81 82 83 85 86 88 90 94 95 96 97 100 
54 112 4593 42
9 11 14 15 18 24 26 27 35 36 38 41 42 52 53 54 57 59 60 65 66 67 69 70 73 76 77 81 82 84 85 87 90 93 95 97 102 103 106 107 108 110 
55 95 2819 44
1 2 7 10 14 15 19 24 25 26 29 31 32 37 44 45 46 49 53 54 58 59 60 61 64 66 67 68 73 76 77 81 82 83 88 90 91 95 96 99 102 103 106 107 
56 6 791 38
2 6 8 9 13 16 17 19 23 27 32 34 36 41 42 44 52 53 54 56 58 59 61 64 68 71 74 77 81 85 87 96 98 99 102 108 111 112 
57 48 1288 42
3 7 10 11 13 16 19 21 24 25 26 30 31 33 35 39 40 41 47 52 55 56 57 59 64 67 68 69 71 77 82 83 86 88 94 95 100 101 103 104 106 107 
58 34 1148 34
1 2 7 11 16 23 29 30 31 36 38 40 47 52 55 59 63 64 68 71 75 80 81 87 88 90 91 92 94 100 101 102 110 113 
59 71 1263 38
6 9 14 20 29 33 40 47 48 49 50 51 52 53 54 56 62 64 65 72 73 75 79 83 85 87 88 91 92 93 101 104 106 107 108 109 111 113 
60 41 880 29
3 7 11 13 16 18 26 28 32 43 49 50 52 53 57 58 76 79 84 85 92 93 94 95 103 105 110 111 113 
61 48 1046 28
10 13 14 15 16 17 22 32 33 36 37 40 43 47 55 61 69 71 72 76 84 88 91 97 100 107 109 110 
62 19 829 41
3 6 10 12 13 15 18 21 24 26 27 29 32 34 38 40 44 46 48 52 53 56 57 60 66 67 69 73 75 78 80 82 87 90 91 96 104 106 109 111 112 
63 10 1008 46
1 3 9 11 14 19 21 23 27 32 36 37 38 39 40 44 48 52 53 54 57 60 62 64 66 67 68 70 71 75 76 77 81 84 85 90 91 92 95 98 100 102 103 106 109 111 
64 42 1033 37
3 7 9 11 14 16 18 21 24 25 27 36 38 39 40 49 51 53 54 56 57 59 60 62 67 70 73 80 83 85 88 95 96 99 100 105 106 
65 66 2666 54
2 3 7 11 12 15 19 22 23 24 25 26 29 31 33 38 39 41 43 47 51 52 55 59 61 64 65 66 67 69 71 72 76 77 78 85 86 87 88 89 90 91 92 94 95 98 102 103 105 106 109 110 112 113 
66 12 1097 33
1 2 4 12 16 18 21 24 27 32 37 40 41 44 53 56 61 65 67 68 69 72 75 77 80 83 88 89 92 95 96 97 108 
67 33 1110 38
2 3 9 11 13 16 19 20 21 28 34 37 38 40 46 51 52 55 56 57 58 60 77 81 83 84 86 90 92 95 96 99 100 101 103 104 105 106 
68 20 1161 35
1 3 4 6 8 10 13 14 18 22 32 35 37 39 45 53 54 57 62 64 65 66 67 84 85 88 91 94 97 99 100 102 103 111 112 
69 22 944 38
1 3 7 11 12 13 14 15 21 22 25 29 30 33 40 41 43 52 53 57 60 63 64 66 68 71 76 77 78 81 98 99 101 102 106 111 112 113 
70 4 1161 20
3 4 10 16 21 27 30 32 38 50 54 56 59 68 86 89 91 99 102 112 
71 51 931 29
7 13 27 32 35 36 38 43 46 51 52 57 59 68 76 79 84 85 89 92 93 95 98 100 106 109 110 111 112 
72 23 778 42
1 3 12 16 19 20 25 26 27 32 34 39 40 41 49 50 53 54 55 58 59 60 65 71 73 74 75 76 77 81 82 83 84 90 91 95 96 100 101 102 110 112 
73 24 1250 30
3 5 10 13 14 17 22 24 25 28 30 42 43 44 45 46 50 51 52 56 59 72 79 82 92 95 101 102 108 109 
74 18 778 38
2 3 9 10 11 14 23 26 35 38 44 47 50 51 53 54 57 58 60 62 65 67 70 73 74 75 81 84 87 92 95 96 99 101 102 103 108 110 
75 38 1339 31
3 11 12 13 16 20 21 26 33 34 35 38 39 47 51 55 56 57 59 60 62 66 67 70 71 75 77 86 91 106 109 
76 53 1339 29
1 10 33 42 45 52 53 54 56 57 58 61 65 66 67 70 71 73 80 85 86 87 91 93 99 102 104 107 108 
77 15 1250 29
3 8 9 10 14 19 21 26 28 38 43 48 52 60 61 62 71 72 73 74 76 78 82 85 89 103 105 107 111 
78 26 969 37
1 3 7 9 10 15 18 19 24 29 33 34 35 43 51 52 56 58 61 68 70 71 72 73 74 82 84 85 96 97 101 104 105 108 109 111 112 
79 39 969 34
5 6 8 9 14 16 21 22 28 31 32 33 38 43 44 48 50 51 56 71 72 76 79 80 83 90 92 93 97 98 105 107 109 111 
80 24 816 27
1 3 6 12 18 20 23 24 27 28 29 33 42 43 51 53 57 58 59 66 73 79 85 96 105 107 112 
81 14 854 32
2 7 8 11 12 13 17 18 23 24 25 32 33 35 37 38 40 47 55 57 64 72 78 84 86 90 91 94 95 96 98 110 
82 56 1212 40
1 3 4 6 7 9 10 12 16 19 23 26 27 32 35 36 41 43 46 53 59 60 62 67 70 71 74 80 82 83 84 87 92 94 95 98 101 102 104 107 
83 85 3560 41
2 3 7 9 11 13 15 18 21 25 26 32 33 37 39 40 41 45 48 49 58 59 64 68 71 76 80 81 84 88 90 91 94 95 100 101 102 103 107 109 111 
84 26 1033 44
1 2 6 8 10 11 14 17 20 23 25 26 27 29 32 34 47 48 49 51 52 53 57 61 67 69 70 72 76 80 83 84 85 86 91 92 93 99 102 104 105 108 111 113 
85 30 1173 33
3 4 6 8 10 17 20 21 22 23 31 32 35 41 43 52 57 60 62 65 73 74 78 84 85 89 90 93 94 98 100 110 112 
86 19 867 42
3 4 11 14 18 19 21 25 27 28 30 32 35 38 39 40 43 52 53 56 57 64 66 67 68 71 78 80 82 87 88 91 92 96 99 100 101 103 104 107 112 113 
87 74 1237 32
1 3 9 18 19 20 29 33 36 40 41 42 44 47 49 51 57 62 63 68 71 72 73 75 83 84 85 87 88 92 102 113 
88 33 4593 42
4 10 11 12 14 15 21 23 25 26 27 28 31 32 35 37 40 49 50 54 55 58 59 61 64 65 70 77 81 83 84 85 87 90 93 94 96 98 100 105 106 112 
89 50 969 31
1 3 9 10 14 16 20 27 31 36 44 47 48 52 57 58 59 62 63 70 76 80 84 85 86 91 95 101 104 105 109 
90 43 1173 35
2 7 13 16 19 20 22 26 27 32 33 45 47 49 53 54 56 59 61 67 68 69 70 77 78 82 87 88 91 93 100 104 106 109 110 
91 25 905 35
1 4 18 20 21 24 27 35 36 40 43 44 45 46 51 53 56 57 59 61 62 65 66 69 71 74 75 85 98 101 104 109 111 112 113 
1 885 11000 96 24 346 100
2 2138 10445 97 57 570 84
3 4628 98077 22 94 5509 462
4 6798 97021 64 48 541 760
5 6798 97021 64 116 541 760
6 8437 118236 72 110 497 3024
7 9403 115754 50 36 519 2630
8 9684 225347 12 27 447 4752
9 9684 225347 12 114 447 4752
10 10737 95387 40 91 628 554
11 10991 91378 86 102 5534 341
12 11024 112055 3 25 480 2116
13 11758 106677 14 115 33102 888
14 11853 94535 16 111 524 577
15 15471 224217 94 35 1300 7032
16 17326 85454 98 60 5492 392
17 17326 85454 98 114 5492 392
18 17326 85454 98 114 5492 392
19 18603 312420 81 67 5740 7920
20 19887 53128 52 28 2894 708
21 20225 196594 47 64 3318 16416
22 20818 93031 59 116 611 493
23 20818 93031 59 51 611 493
24 20864 194155 25 99 2135 7770
25 21332 173283 81 117 1903 6364
26 21332 173283 81 96 1903 6364
27 22571 94340 64 25 563 3975
28 23174 161957 10 27 1755 1780
29 23454 92715 102 106 501 3180
30 23516 79092 14 115 5517 296
31 23516 79092 14 3 5517 296
32 23868 49298 79 116 2925 559
33 23868 49298 79 106 2925 559
34 24375 223035 38 10 48924 29904
35 24704 202950 30 51 12041 798
36 24885 306382 40 29 5718 6336
37 26963 32811 79 58 2925 559
38 27486 91483 42 67 546 3299
39 27534 132393 48 80 1641 3000
40 27660 170777 14 84 1678 5473
41 29967 168522 55 61 1886 5727
42 29993 89015 20 62 484 2416
43 30943 223242 94 35 325 3516
44 31482 299694 99 41 5723 6019
45 31572 129794 16 100 1742 2670
46 32332 211378 74 9 430 3516
47 32361 109764 102 112 502 2182
48 34054 127216 85 77 1624 2400
49 36340 124846 21 111 1725 1869
50 36617 210302 84 11 308 3023
51 37449 189822 84 57 11883 718
52 37935 293654 79 115 5701 4561
53 37935 293654 79 24 5701 4561
54 38651 165834 101 16 1661 4323
55 40450 193750 47 64 474 5472
56 41728 192447 25 99 427 3885
57 41728 192447 25 117 427 3885
58 41818 210349 6 72 9435 1526
59 42118 53100 64 42 5492 392
60 43009 197363 85 29 391 1430
61 44212 175601 79 57 368 1272
62 45141 191140 98 14 457 4924
63 45147 173192 110 92 374 1086
64 46348 160553 10 27 351 890
65 47608 55264 27 51 1098 39
66 48750 179547 38 10 5436 7476
67 48750 179547 38 10 5436 7476
68 50348 177552 22 96 12024 646
69 51888 97957 61 75 419 140
70 51974 189835 79 43 410 2913
71 52913 95407 110 65 579 103
72 54025 254983 36 8 44000 4080
73 54026 269270 63 73 409 1400
74 54166 61902 42 90 1098 39
75 55736 260009 102 96 540 1204
76 56812 88901 83 24 402 121
77 57056 197542 41 93 1643 1375
78 57846 132093 53 35 5022 1972
79 59073 184856 3 113 1668 1058
80 59232 238292 19 23 392 1148
81 59481 77942 98 29 562 88
82 60423 227015 1 14 523 1059
83 60843 181565 76 73 2130 5882
84 60843 183269 76 73 3834 11764
85 60960 194571 26 66 1565 4070
86 61619 182177 56 92 1626 1141
87 62859 164493 89 91 11866 610
88 64193 178621 97 67 1651 793
89 64293 67330 71 51 43 138
90 65717 210387 97 2 1596 1376
91 68151 229279 113 27 488 3190
92 68172 208241 111 81 1904 1018
93 69755 228286 63 60 449 2775
94 69822 762784 104 98 20820 2112
95 70811 157750 99 20 3029 2159
96 73632 188418 77 20 420 2800
97 73740 379864 113 39 33132 2520
98 74336 154482 72 27 3187 1619
99 74340 151881 27 44 1861 1755
100 76072 206496 8 48 471 2264
101 76127 603445 105 12 12004 3880
102 77270 205563 39 56 616 3528
103 77390 148903 60 100 1628 1526
104 77780 81114 103 73 1668 1058
105 78446 145223 32 57 3012 1856
106 78631 202747 20 2 330 2610
107 79488 140592 9 33 1844 1316
108 80998 205191 79 77 1579 1155
109 82032 118060 46 52 1611 1113
110 82096 341927 107 68 21988 4348
111 82184 141556 83 106 3170 1246
112 83636 202801 6 72 1887 763
113 85163 179795 62 114 621 2492
114 85163 179795 62 87 621 2492
115 85855 175841 4 67 403 2324
116 88941 590941 104 90 12026 3220
117 90273 870174 113 55 20811 6624
118 90915 188761 11 82 48924 29904
119 91212 741019 29 8 20849 1584
120 92788 170574 68 35 470 2232
121 93716 162238 99 102 578 1852
122 95296 229346 25 88 5517 1360
123 96450 160419 64 13 453 1629
124 97463 200017 92 94 432 1998
125 97501 174715 38 10 604 1869
126 99079 159337 52 29 561 1518
127 99850 200209 21 78 599 2646
128 101291 578186 3 85 11987 3181
129 101706 222719 63 108 5480 1047
130 105045 109116 16 41 20 35
131 106687 195940 36 109 355 4914
132 107870 293179 54 51 364 3560
133 108051 216483 36 8 5500 1020
134 108655 109389 112 114 368 1272
135 108655 109389 112 58 368 1272
136 109118 404006 18 97 8120 899
137 109120 290376 39 75 375 2492
138 109400 112120 53 1 460 159
139 110629 281626 25 40 347 2848
140 111358 306171 11 71 10735 2601
141 111407 848612 19 104 21028 5961
142 111510 116049 43 65 424 107
143 111760 280714 21 62 358 2093
144 112676 140465 98 70 511 588
145 112924 719577 11 43 20803 1626
146 113963 117140 85 65 107 139
147 113967 129259 45 102 2404 64
148 113967 129259 45 116 2404 64
149 114035 564848 87 13 12009 2737
150 114208 210207 60 103 5463 889
151 115210 122040 87 84 145 46
152 115693 127629 53 35 558 493
153 117857 193657 4 6 443 3587
154 120449 192497 27 53 338 3636
155 121687 179861 76 73 426 2941
156 121921 193319 26 66 313 2035
157 122003 395421 37 29 8116 764
158 122326 126096 20 53 1886 5727
159 122860 294409 84 50 10670 1846
160 123481 255267 54 88 2228 194
161 124342 173414 75 101 337 180
162 125383 170996 107 8 373 160
163 125383 170996 107 114 373 160
164 127019 169342 47 1 320 158
165 128108 163165 59 43 356 113
166 130328 141198 3 23 5436 7476
167 131056 386572 14 24 8103 656
168 133060 826369 33 45 20794 5762
169 133180 133794 107 109 308 3023
170 133180 133794 107 117 308 3023
171 134390 282978 103 96 10718 2080
172 134564 697987 79 86 20832 1425
173 135993 219592 55 105 626 989
174 136631 137569 67 73 470 2232
175 136894 217839 78 33 319 712
176 137124 147994 82 9 5436 7476
177 138567 215685 112 69 609 751
178 140032 377326 99 44 8099 687
179 140824 143692 50 3 126 33
180 142419 303453 13 90 381 1050
181 143521 238138 31 59 416 4480
182 144899 228004 92 37 475 2250
183 145299 156733 74 11 5718 6336
184 145831 226612 21 105 347 1845
185 145991 271661 82 80 10653 1587
186 147125 214180 59 109 302 519
187 147481 352254 113 39 5522 840
188 147591 227097 41 104 483 3136
189 148386 343007 72 60 20823 810
190 148464 299863 16 9 507 819
191 148957 224138 99 51 458 1732
192 150206 220676 27 70 399 3270
193 151057 337972 41 10 5514 2938
194 151232 223279 103 35 330 1586
195 151244 158213 7 105 780 63
196 152009 163041 7 105 5517 1360
197 153780 340578 52 109 5715 739
198 153792 219026 54 6 466 2822
199 154733 805120 31 17 21011 4828
200 155766 156390 11 88 313 2035
201 157322 164015 11 103 300 166
202 157325 157983 104 102 330 2610
203 157395 298068 101 14 364 756
204 157772 331883 15 70 5593 2644
205 158599 169557 90 18 5480 1047
206 160195 333832 69 80 5505 621
207 164193 325436 107 68 5497 2174
208 166427 297213 11 70 490 663
209 166529 312575 37 91 5698 561
210 170238 318958 5 61 5576 1956
211 170615 321045 82 33 20761 696
212 188147 189412 78 15 31 75
213 188971 189663 78 15 347 1845
214 191752 205323 4 107 1936 144
215 192066 299823 68 37 20806 631
216 198491 200877 111 12 33 136
217 207804 447154 69 14 9888 700
218 213416 241265 23 31 5931 99
219 213416 277553 23 15 20744 487
220 231792 232630 33 92 18 89
221 238023 250961 42 85 1422 123
222 246643 247969 21 34 21 30
223 246963 253596 54 88 557 97
224 247465 258615 54 88 5576 1956
225 415608 438502 69 14 1236 175
226 502395 525411 1 22 1400 160
96 184
1 24 978 23
2 11 15 17 22 26 28 37 41 43 55 61 63 77 90 94 99 102 107 110 112 113 122 
2 21 745 23
3 4 14 16 22 31 35 42 44 46 51 56 66 68 76 80 105 109 121 123 125 126 127 
3 118 3169 23
3 5 7 15 16 27 34 47 52 59 61 63 65 75 81 88 89 97 99 100 113 121 126 
4 102 1100 21
7 10 15 26 27 33 42 45 50 54 66 75 76 78 92 100 103 109 112 119 126 
5 12 900 17
2 4 10 21 22 25 29 33 42 45 61 87 89 95 103 105 108 
6 17 1056 27
1 4 7 28 37 45 52 53 58 64 66 79 87 89 92 93 94 95 96 98 99 108 110 112 115 121 126 
7 32 889 27
5 8 9 16 17 18 19 20 28 42 57 59 61 62 66 67 70 76 78 91 96 105 111 112 117 126 127 
8 16 689 31
4 5 6 10 11 16 18 21 24 34 42 46 49 54 60 65 67 72 80 82 85 88 92 95 97 98 100 107 122 124 126 
9 10 1023 27
6 14 15 17 20 23 32 33 34 39 40 41 42 45 54 58 61 63 71 72 75 77 78 95 101 103 121 
10 17 1123 26
11 12 14 15 19 27 31 35 36 38 41 44 45 52 53 54 71 75 86 93 95 102 107 119 120 124 
11 32 934 30
4 7 9 10 12 24 25 28 31 33 42 46 50 55 61 68 83 94 100 102 103 108 109 112 113 116 120 121 125 126 
12 30 1011 38
3 4 7 8 16 18 25 28 39 41 44 45 46 55 58 61 63 66 67 68 71 85 87 91 92 95 96 98 100 105 106 109 110 111 112 115 120 123 
13 18 1089 22
4 8 9 10 14 21 22 31 32 36 37 41 42 44 49 61 71 90 109 113 122 123 
14 20 1112 20
4 8 16 18 25 30 39 41 55 60 63 69 76 77 95 111 114 115 116 126 
15 15 867 33
12 14 27 29 32 33 42 45 46 47 50 56 61 62 69 70 77 78 83 87 88 94 97 101 103 106 108 109 113 116 122 123 127 
16 27 967 29
5 6 11 12 17 18 20 21 22 30 32 42 43 50 52 53 59 65 76 89 90 98 109 110 111 113 117 118 121 
17 26 811 26
3 4 7 12 30 33 35 40 43 51 53 58 64 67 69 79 84 90 92 98 104 105 116 121 122 125 
18 31 834 28
1 8 9 14 22 32 33 41 45 49 52 55 60 61 65 66 67 69 70 76 78 87 92 100 108 111 112 127 
19 13 711 24
5 6 8 19 22 27 29 37 40 44 46 48 57 58 60 73 79 80 81 89 102 106 112 122 
20 25 989 34
5 6 11 13 20 22 28 40 43 45 50 57 59 63 65 69 70 78 81 84 89 90 91 95 96 97 108 109 110 111 112 120 126 127 
21 18 1134 31
6 7 8 10 11 14 16 17 19 27 30 31 33 34 35 39 45 51 53 54 57 60 74 75 79 98 102 107 114 121 124 
22 56 1134 28
10 21 38 41 45 47 50 57 58 59 61 70 71 72 78 79 80 86 89 92 94 97 99 106 110 115 120 126 
23 20 689 26
3 4 5 12 19 20 23 25 33 35 43 45 53 56 64 65 66 67 69 76 80 86 90 91 106 120 
24 20 856 24
3 4 5 10 16 17 43 44 45 51 60 63 65 71 73 75 81 95 97 108 113 121 123 127 
25 26 834 22
7 9 26 30 39 46 47 50 62 65 66 71 72 77 82 89 100 104 105 122 125 126 
26 82 3369 21
6 10 12 22 32 35 40 42 44 49 53 65 78 79 87 90 92 96 103 122 125 
27 18 1123 23
14 27 33 42 44 46 51 53 54 56 70 73 74 80 90 91 94 97 106 112 116 119 120 
28 109 3892 27
1 2 5 8 13 14 22 27 30 39 40 41 42 45 53 58 67 69 73 74 82 89 90 97 120 122 127 
29 22 756 33
3 4 5 7 10 13 18 26 32 33 34 35 38 40 44 51 58 59 63 65 68 69 78 88 89 91 95 97 99 112 118 121 126 
30 15 756 36
9 14 15 17 22 23 25 29 33 34 44 45 51 57 58 60 63 64 67 70 73 79 80 82 83 87 91 94 97 104 106 109 113 118 120 127 
31 16 1045 29
11 15 16 23 24 27 50 51 52 53 58 64 67 70 75 78 81 91 97 98 100 102 107 108 113 116 121 123 124 
32 96 3992 29
2 4 5 13 14 15 18 24 26 28 33 42 45 47 59 61 62 65 66 72 82 85 90 94 98 118 119 121 127 
33 16 822 35
1 15 18 21 25 26 27 30 32 34 36 40 49 52 55 63 64 65 69 70 76 78 87 89 91 92 93 96 101 106 110 111 114 115 122 
34 28 889 28
3 4 7 10 17 21 28 40 43 47 50 51 59 61 63 68 71 73 78 84 88 90 91 94 104 106 109 120 
35 21 678 27
4 5 8 20 23 28 34 37 43 47 48 51 52 58 60 65 68 72 73 79 81 89 94 98 116 121 122 
36 32 1034 26
7 11 16 28 40 42 52 60 68 70 75 77 79 80 82 86 88 90 91 95 99 102 107 108 120 123 
37 38 1100 24
5 9 21 30 31 34 42 44 47 50 52 78 79 81 98 99 100 103 113 115 117 121 126 127 
38 31 967 22
5 6 9 12 16 19 20 21 25 28 33 43 51 63 69 76 91 95 97 104 106 110 
39 70 4336 34
2 5 6 7 8 14 18 21 23 26 27 29 33 39 45 49 51 53 54 58 63 65 67 71 79 80 89 90 94 100 104 107 118 121 
40 15 956 24
5 10 11 12 15 17 24 35 41 51 57 72 73 74 75 76 80 87 88 101 116 119 121 122 
41 33 1056 20
13 19 20 23 30 31 34 51 66 73 76 80 85 90 94 97 109 113 120 124 
42 32 1123 26
7 10 19 26 31 33 44 45 50 51 52 53 56 65 81 86 87 92 99 104 109 113 115 125 126 127 
43 16 900 31
4 7 8 12 14 15 16 18 33 34 39 41 44 47 50 56 57 58 66 68 71 76 80 87 98 100 106 108 114 125 126 
44 40 2724 26
8 14 16 25 27 30 32 39 45 60 61 62 64 65 67 74 76 77 83 91 92 94 100 116 118 123 
45 31 867 14
3 5 8 18 19 31 44 45 68 78 82 106 107 123 
46 13 811 24
2 5 6 8 11 15 24 28 31 40 41 44 45 65 71 74 79 83 87 94 98 101 103 122 
47 22 889 28
5 7 8 19 21 26 28 30 34 36 38 46 48 49 54 65 66 68 69 70 76 80 91 115 117 121 126 127 
48 29 1145 30
15 19 22 23 28 30 35 38 39 42 44 45 46 47 49 57 65 68 71 74 82 84 88 91 92 103 104 107 117 127 
49 24 978 27
5 7 12 13 14 16 28 30 31 34 45 47 50 51 54 64 69 73 78 85 91 95 100 113 119 121 124 
50 32 900 28
5 6 7 19 20 21 22 23 34 36 38 39 40 48 51 57 63 69 72 80 86 93 100 101 109 120 121 123 
51 19 1134 12
14 18 28 40 54 63 65 67 72 80 86 119 
52 38 745 24
5 11 21 26 32 37 45 52 53 66 68 72 73 76 82 90 92 94 96 100 107 110 115 121 
53 32 845 26
5 6 12 21 25 28 32 42 44 47 55 59 63 68 78 89 90 100 104 112 117 120 123 125 126 127 
54 39 1100 26
5 6 11 12 13 16 19 24 42 45 59 61 65 68 70 71 72 76 81 82 89 97 111 117 119 123 
55 10 700 22
1 5 8 12 14 16 22 23 27 35 37 60 65 67 81 85 97 99 108 109 121 123 
56 12 711 33
10 15 16 18 21 24 26 28 31 39 42 46 50 61 68 70 72 77 82 85 90 94 98 100 104 106 113 116 118 123 124 126 127 
57 23 1167 33
1 2 11 15 27 29 34 38 39 41 42 44 45 46 47 54 58 61 67 70 72 73 74 79 82 88 94 101 109 117 122 126 127 
58 108 4192 21
1 7 29 31 33 34 35 46 47 55 66 82 85 88 91 104 106 114 119 125 127 
59 26 1167 31
1 18 19 25 34 36 43 50 51 52 66 68 70 71 77 79 86 87 90 93 99 100 107 109 112 115 116 117 121 126 127 
60 63 4247 21
7 14 15 27 31 36 42 44 45 55 56 61 67 69 72 74 91 97 120 121 127 
61 29 889 30
3 5 8 15 18 21 22 23 32 42 44 50 51 53 57 63 66 68 69 76 79 80 87 92 93 107 112 119 123 127 
62 14 789 25
9 15 31 37 38 41 51 53 62 71 72 73 75 80 83 88 90 91 94 100 109 113 118 121 122 
63 23 767 38
9 11 12 15 16 17 19 21 22 23 25 28 41 44 46 51 54 57 60 63 68 71 74 75 78 79 80 81 84 93 94 95 97 99 113 119 120 121 
64 30 978 29
4 5 17 18 24 27 28 37 39 41 42 51 61 65 67 68 70 72 73 75 79 82 94 97 113 119 120 123 124 
65 12 756 16
11 17 41 43 55 65 71 73 76 80 94 98 102 106 123 126 
66 117 3469 29
5 6 13 18 20 28 33 36 41 42 45 53 62 68 71 72 73 77 81 82 85 89 90 98 102 106 107 118 119 
67 17 1056 24
5 9 12 14 16 22 45 48 50 54 57 63 67 72 74 78 85 92 95 97 98 100 107 116 
68 21 789 29
9 12 15 18 24 25 31 34 42 44 47 51 56 57 58 59 63 64 66 78 81 86 96 99 114 116 123 125 126 
69 15 989 27
8 9 11 13 16 17 23 25 29 36 38 43 44 47 58 65 68 71 87 94 96 99 108 112 113 118 120 
70 13 733 30
3 5 7 12 13 17 22 28 35 37 38 40 41 43 47 60 67 69 72 86 89 90 91 99 108 112 118 121 123 124 
71 85 3169 38
3 9 10 12 14 15 21 22 24 25 37 42 46 47 52 53 54 61 65 68 71 73 79 80 81 82 85 87 94 95 97 98 106 116 119 120 121 123 
72 31 1067 27
1 4 10 16 28 31 40 44 50 54 64 65 70 72 78 86 91 97 99 107 108 111 113 115 118 121 123 
73 9 1123 17
11 17 27 35 58 65 69 76 79 98 102 103 109 112 114 123 125 
74 11 1156 30
5 6 7 8 9 18 19 25 28 30 39 42 43 44 47 51 61 65 67 71 72 76 85 94 106 111 118 119 120 124 
75 24 945 20
8 15 19 39 41 46 48 55 66 67 69 79 83 89 98 104 117 122 126 127 
76 21 745 26
3 7 13 14 16 19 47 48 50 51 56 57 63 65 67 69 78 91 94 97 100 105 106 112 116 121 
77 10 878 30
4 8 14 15 18 25 28 29 33 41 42 55 60 61 63 64 65 73 77 78 80 92 94 96 99 102 109 110 111 126 
78 20 1089 30
2 9 15 17 19 23 25 29 30 31 35 39 40 41 44 50 58 67 71 72 79 82 91 92 94 98 112 119 126 127 
79 15 945 21
12 15 18 25 30 42 43 56 58 64 65 76 77 80 86 87 88 103 110 114 123 
80 113 3080 23
2 7 18 30 38 42 52 53 56 66 68 71 81 90 94 95 98 105 107 110 121 123 126 
81 22 945 34
3 4 5 8 11 18 20 21 23 24 26 28 32 41 46 47 60 64 65 68 69 70 72 75 85 86 90 91 100 113 116 120 123 124 
82 20 767 20
3 11 13 23 25 30 34 42 45 51 63 64 66 71 79 84 88 96 107 124 
83 25 900 28
4 5 11 14 17 21 23 24 32 44 54 61 63 65 71 72 75 79 82 94 95 97 99 100 106 107 121 123 
84 55 922 32
4 5 14 18 24 27 28 36 37 43 45 47 51 54 57 65 68 72 77 79 81 85 89 97 98 99 106 109 111 119 122 124 
85 7 745 19
9 10 14 15 16 35 38 51 67 68 70 71 87 96 97 98 108 111 115 
86 14 867 30
3 15 16 23 38 44 46 48 51 54 57 61 63 64 68 69 71 72 80 81 84 85 97 99 106 108 113 119 123 124 
87 15 822 25
1 8 18 25 35 36 40 41 50 53 60 64 67 70 73 77 78 91 94 95 96 100 114 123 124 
88 40 1078 39
8 9 14 15 21 30 32 34 35 36 45 46 50 56 57 61 62 63 64 65 67 71 73 76 78 80 87 91 92 93 97 103 108 109 111 112 116 120 123 
89 31 934 21
4 6 15 21 26 31 36 37 45 47 54 65 76 81 89 94 101 102 114 118 126 
90 34 978 28
1 2 15 17 23 29 32 34 44 45 47 50 60 63 64 65 67 71 82 88 89 92 112 115 119 120 122 126 
91 115 4014 24
5 6 8 10 11 25 30 39 40 45 47 49 66 67 69 71 74 86 98 104 105 106 107 116 
92 38 1112 28
9 19 28 30 31 42 43 44 46 50 51 59 64 80 83 87 93 94 96 103 109 110 111 112 120 125 126 127 
93 12 845 23
5 9 12 14 17 24 25 31 41 46 47 57 65 71 74 87 89 94 97 109 112 120 123 
94 23 1000 25
10 15 19 28 36 37 38 39 44 46 51 61 78 79 87 90 94 98 108 112 121 122 125 126 127 
95 67 2802 31
4 28 30 39 41 43 51 57 59 61 63 65 71 72 77 81 82 88 90 91 94 95 98 102 109 111 113 119 121 124 127 
96 240 2457 20
4 14 22 40 45 50 51 54 70 78 86 91 92 100 109 112 113 119 121 124 
1 647 104260 75 35 303 1602
2 1502 379084 72 13 18200 3160
3 5871 101080 71 74 454 1265
4 9856 180830 77 15 13284 1924
5 12514 136835 14 16 498 3744
6 13910 135490 30 71 321 3182
7 14144 97642 42 12 286 1185
8 14762 94283 65 14 437 1012
9 15170 373692 49 67 18182 1387
10 15191 130056 77 59 481 3107
11 15922 111078 123 66 304 2354
12 16258 179818 73 76 1551 595
13 16981 111097 88 78 506 5160
14 16981 111097 88 129 506 5160
15 18436 108562 110 106 316 4282
16 19713 169022 77 15 1476 481
17 20329 360272 45 90 18338 2528
18 20716 145794 108 74 2682 1955
19 20847 106445 38 33 489 3663
20 23666 105279 46 92 299 3682
21 24781 52002 40 91 189 424
22 25189 110866 11 90 1436 4578
23 30509 166703 42 14 1534 481
24 30908 102139 23 69 14652 1344
25 34055 354468 10 77 18188 1234
26 35957 164424 66 107 1459 365
27 39402 203321 94 104 2553 4068
28 39536 341042 65 33 18183 2212
29 39584 142194 126 27 2534 1368
30 41970 88716 4 43 1640 260
31 42621 199882 107 12 2711 3010
32 42708 170206 103 35 1640 4681
33 43990 118917 120 107 376 3013
34 44949 138948 28 121 2665 1700
35 44954 113477 71 72 489 2289
36 45057 131362 9 6 1584 1008
37 45232 167569 31 86 1504 4119
38 45284 92221 39 122 630 465
39 45284 92401 39 122 810 620
40 45963 180808 79 87 2536 3010
41 48216 165662 106 128 1623 4166
42 48216 165662 106 107 1623 4166
43 49563 51834 40 91 21 106
44 49759 175612 122 51 2694 2287
45 50379 109789 11 90 359 2289
46 50445 128697 63 127 1608 816
47 50568 181969 44 85 339 2223
48 52643 174309 58 127 457 1645
49 52643 174309 58 129 457 1645
50 52677 335623 4 83 18165 1137
51 53067 212519 12 66 4985 2208
52 54936 173166 116 83 322 1800
53 55078 56247 89 91 33 89
54 55316 114570 79 102 1442 462
55 56022 64273 70 22 56 79
56 56056 108047 84 63 472 1625
57 56179 135472 104 131 2517 1231
58 56179 135472 104 51 2517 1231
59 57016 169254 110 108 1716 1806
60 57244 95685 116 12 1645 406
61 58292 322681 94 114 18321 2123
62 58319 163424 67 123 1487 3295
63 58363 404789 58 123 9211 2880
64 58502 165500 51 31 440 1431
65 58624 206679 69 50 4832 1943
66 58624 206679 69 130 4832 1943
67 59641 91862 85 76 1425 401
68 59747 227246 15 61 3033 15288
69 61816 89115 23 69 1628 336
70 61952 64983 23 46 206 33
71 64157 82878 16 87 98 15
72 66442 69605 85 19 23 90
73 66442 69605 85 129 23 90
74 68264 71146 46 2 1442 462
75 69417 117539 51 7 1567 715
76 71466 115739 4 125 1591 587
77 71862 316606 121 91 18171 974
78 77106 168959 124 105 340 3848
79 77123 201098 100 75 4968 1788
80 77134 394873 15 65 9352 2275
81 78278 165465 36 8 376 2770
82 80557 100195 118 124 409 1395
83 80865 83236 72 17 261 59
84 81550 146601 94 18 323 2693
85 81754 97932 102 114 418 1046
86 82001 307713 95 102 4868 2484
87 82600 96617 79 87 392 1116
88 82768 144115 5 21 359 2409
89 82975 85127 44 89 198 63
90 82975 85190 44 89 261 59
91 83940 87486 4 43 410 130
92 84979 87761 80 69 274 33
93 87036 302480 65 61 4972 1937
94 87076 90792 118 98 315 115
95 87514 384604 38 122 9194 2419
96 88607 195512 64 3 4815 1360
97 90477 101151 43 15 410 130
98 90569 91681 39 122 90 155
99 90792 94394 39 61 401 794
100 93044 98291 9 131 55 95
101 93044 98291 9 64 55 95
102 93061 296614 8 113 4851 1813
103 97145 99726 53 64 89 14
104 97290 374791 120 112 9335 1706
105 98415 291455 69 72 4955 1414
106 100864 375914 27 43 7191 4740
107 102021 213630 19 37 543 2346
108 102879 212315 127 90 287 1689
109 103911 211503 42 88 526 2087
110 104870 210074 116 128 270 1317
111 104870 210074 116 109 270 1317
112 107204 313501 53 122 2692 4446
113 108633 173456 79 28 371 1488
114 110755 303124 14 94 2606 3112
115 110756 152351 15 90 291 558
116 110885 172355 60 44 446 1205
117 111959 149008 115 118 537 496
118 112020 365621 17 80 6990 4171
119 112987 169969 92 58 354 1264
120 113780 288707 33 37 1429 1225
121 114032 167967 110 108 429 903
122 114044 300320 27 59 2675 3423
123 115075 118777 112 100 179 76
124 116015 118329 108 70 89 14
125 116310 132402 26 125 2580 855
126 117359 296957 32 5 2589 2645
127 117488 286412 85 55 343 4064
128 119468 128896 115 109 2540 598
129 119495 224550 15 61 337 3822
130 119746 145408 111 5 274 451
131 119810 357805 58 22 7174 3886
132 120061 125219 115 68 2580 855
133 120466 220835 50 79 322 3286
134 120624 276620 87 116 432 2885
135 121750 219905 46 102 320 3248
136 122030 124091 120 41 118 131
137 123845 283289 78 38 1506 1053
138 123846 275422 125 74 326 2885
139 123846 275422 125 128 326 2885
140 124222 217916 126 65 305 2595
141 126150 131986 106 65 31 115
142 127088 350198 70 1 6973 3211
143 127214 281356 96 117 1412 1053
144 127214 281356 96 131 1412 1053
145 127458 132950 41 110 103 142
146 128188 137850 56 41 4832 1943
147 129288 173501 61 127 515 2080
148 129748 262420 95 48 1489 810
149 131841 181240 93 19 430 1472
150 133010 180278 59 53 513 1059
151 134129 135277 89 97 47 50
152 134155 172467 5 40 413 1045
153 134167 215893 32 13 1619 2331
154 135270 256733 9 42 415 2423
155 136053 147431 97 80 47 50
156 136213 169857 33 30 496 815
157 138413 146193 18 79 105 151
158 138634 148510 68 123 31 69
159 138690 143683 28 44 520 411
160 139790 171167 94 121 459 1788
161 140754 167864 28 7 498 1705
162 141567 164277 21 45 442 1394
163 141791 143206 112 44 109 90
164 141872 213604 17 131 1636 2027
165 141872 213604 17 96 1636 2027
166 147430 168639 45 65 2422 75
167 148703 149461 4 75 53 92
168 151794 152960 57 52 79 160
169 151794 152991 57 52 110 189
170 152984 211055 61 115 1602 1678
171 153068 162904 95 47 126 199
172 156131 207730 47 31 1619 1804
173 157132 167607 39 23 30 129
174 164282 167445 47 7 79 160
175 187178 191143 92 131 188 98
176 187178 191143 92 3 188 98
177 187178 191143 92 131 188 98
178 191591 195212 34 130 161 82
179 191591 195212 34 23 161 82
180 194167 196406 123 49 28 96
181 198078 198728 32 66 326 2885
182 216168 226981 121 94 623 75
183 220854 226378 53 124 270 69
184 237196 247862 31 45 270 69
94 129
1 13 769 41
1 3 7 14 17 19 21 24 28 32 35 38 43 49 50 52 55 62 67 68 69 77 81 85 91 92 95 96 100 103 107 120 125 126 128 132 133 134 137 143 149 
2 27 1282 16
5 6 10 19 25 30 45 66 76 80 86 90 110 116 131 147 
3 19 1172 24
1 8 26 29 45 58 59 61 62 69 71 95 96 100 101 107 108 118 125 129 130 134 144 146 
4 9 732 28
8 11 14 20 23 26 32 46 53 54 55 60 67 75 85 94 100 103 104 114 121 122 125 129 133 141 145 148 
5 87 3540 37
7 8 10 12 23 24 25 26 27 40 42 48 49 58 61 62 65 69 76 78 86 87 91 93 94 97 99 103 106 113 117 121 123 124 133 149 150 
6 23 1098 25
20 32 33 41 42 47 49 52 69 71 77 83 94 103 105 107 109 114 120 121 127 135 136 145 150 
7 21 1245 27
7 10 27 33 36 37 38 41 46 55 56 57 67 76 80 82 84 85 89 102 104 113 125 126 129 136 146 
8 17 964 26
1 8 26 43 47 48 49 51 53 58 60 69 75 78 81 97 98 101 112 117 123 127 129 132 135 148 
9 18 1172 23
6 15 18 27 31 34 35 39 40 53 59 64 71 88 89 106 110 116 122 127 128 136 150 
10 19 927 20
9 24 33 36 38 43 63 69 71 73 74 82 86 87 92 96 104 106 124 143 
11 98 3968 24
7 11 26 27 38 46 47 48 62 65 74 77 80 81 89 95 99 111 113 122 126 129 132 142 
12 19 866 22
1 5 24 31 36 40 41 43 45 46 54 69 87 101 115 117 122 124 129 133 135 144 
13 34 1037 19
3 13 19 21 31 36 40 46 67 69 70 87 103 113 121 124 131 137 148 
14 25 1233 30
6 10 13 18 24 26 28 39 47 48 51 60 69 71 75 85 90 95 97 106 107 110 120 121 124 126 127 130 145 148 
15 15 830 21
8 9 15 16 19 21 25 39 44 53 54 62 69 81 85 91 94 101 133 137 148 
16 16 976 31
10 14 18 20 23 25 27 32 39 41 43 46 47 53 55 63 66 67 70 71 73 89 92 95 100 107 113 114 124 135 145 
17 21 1257 21
1 4 16 17 18 24 25 36 47 48 55 67 71 86 95 100 116 117 120 137 149 
18 18 989 20
27 28 29 33 46 48 50 67 71 86 93 94 97 107 117 120 123 137 138 141 
19 20 854 24
1 15 26 28 29 31 32 46 47 68 85 93 96 97 98 99 114 115 120 125 128 141 142 148 
20 82 4297 30
10 11 26 27 29 35 39 44 46 48 54 60 62 63 64 81 95 100 101 103 104 114 115 121 127 131 138 146 148 150 
21 15 793 26
3 6 18 40 42 50 54 55 56 61 63 69 77 80 85 87 89 90 92 131 132 133 137 139 143 149 
22 22 1147 21
1 21 35 39 41 51 67 78 83 90 95 97 103 104 112 125 127 130 132 138 147 
23 26 1282 17
5 31 40 47 57 59 61 71 78 99 101 110 116 117 118 132 150 
24 16 744 37
6 20 30 33 36 40 42 43 46 51 54 55 56 59 63 77 82 83 84 85 86 87 88 92 93 97 104 111 117 119 128 132 133 137 143 145 150 
25 99 4603 27
3 7 10 13 21 26 41 48 54 58 67 75 77 78 80 84 86 89 97 120 128 131 132 137 141 145 148 
26 19 1062 26
5 6 12 18 21 23 25 40 43 44 54 59 62 66 69 78 82 94 100 103 107 126 137 142 147 150 
27 35 989 18
4 7 8 25 41 42 46 56 58 60 65 76 80 89 91 110 115 132 
28 21 1025 21
4 8 11 21 22 35 36 41 46 53 59 61 77 89 91 110 112 118 119 131 139 
29 19 1196 32
8 11 18 20 21 22 23 34 35 38 42 44 48 60 65 71 78 82 88 91 94 98 107 117 118 121 124 132 137 146 148 150 
30 20 903 27
5 20 21 23 24 29 32 40 47 59 60 62 68 70 83 98 101 108 121 124 127 131 132 136 143 147 148 
31 39 927 34
7 8 17 19 24 25 28 33 35 36 50 53 57 63 71 73 74 77 81 89 93 94 96 106 107 111 116 122 128 129 135 137 142 148 
32 11 757 31
7 18 28 29 35 51 52 60 73 77 82 85 91 93 94 97 98 103 107 111 117 120 122 126 133 134 135 137 142 143 150 
33 73 4139 36
4 5 6 9 18 19 20 24 25 28 38 39 40 43 53 54 59 60 61 63 65 69 71 74 78 81 87 90 94 106 109 110 126 129 137 150 
34 22 1245 18
4 8 13 18 23 27 29 35 37 38 59 61 70 78 102 105 120 124 
35 21 1147 28
1 5 16 20 21 38 46 54 62 67 69 81 82 86 90 92 97 98 100 109 114 119 126 129 133 138 142 148 
36 15 940 33
10 11 16 20 25 26 36 39 42 46 55 59 61 66 67 69 71 80 85 92 95 113 114 117 122 126 128 129 131 135 143 145 146 
37 49 1135 29
6 9 11 17 23 24 26 29 31 34 35 38 39 46 60 61 65 67 90 94 98 100 110 116 122 124 136 139 148 
38 19 1062 43
2 3 5 7 8 13 16 18 19 20 22 26 27 31 32 36 38 42 45 49 50 55 58 59 61 63 66 69 70 71 77 78 84 91 94 99 112 117 123 129 131 132 150 
39 17 830 20
3 17 19 20 32 43 44 46 62 70 72 97 99 104 108 109 112 127 136 141 
40 56 1135 19
5 21 24 25 33 58 59 60 64 81 86 91 92 102 111 117 119 137 145 
41 30 1086 26
14 25 36 42 43 46 54 60 63 73 85 90 91 93 100 107 111 119 129 135 136 137 138 142 145 150 
42 46 903 24
8 19 23 26 32 33 36 42 44 48 55 58 61 64 78 82 86 92 115 117 119 131 140 143 
43 69 4078 32
1 5 13 22 23 27 29 30 32 36 37 38 44 47 50 55 62 64 82 89 98 102 106 107 117 118 122 123 125 127 143 146 
44 25 1257 22
11 24 25 33 38 41 42 53 56 63 65 67 76 84 89 97 102 112 116 126 139 142 
45 19 1123 31
3 5 7 9 20 32 36 37 44 45 48 51 53 54 58 61 62 66 69 72 84 89 94 105 106 124 126 129 131 138 143 
46 23 1098 33
10 12 13 18 23 29 30 36 39 42 43 49 55 62 68 77 82 84 85 87 88 89 96 98 103 111 122 128 132 134 135 148 150 
47 17 879 32
4 5 6 17 19 25 28 47 53 56 61 62 66 71 73 74 80 110 116 119 120 124 126 129 132 135 136 139 143 146 147 149 
48 17 1159 30
3 11 13 19 30 37 43 45 46 54 60 69 71 84 87 88 93 94 102 111 116 117 118 127 128 135 137 142 146 148 
49 18 1001 24
5 18 20 29 32 43 51 56 61 64 71 76 84 104 107 113 117 123 124 126 127 135 139 145 
50 22 757 34
3 6 7 8 9 14 18 21 27 29 32 35 43 44 47 55 62 67 89 97 98 101 103 104 117 125 127 129 131 135 141 143 145 146 
51 109 4456 21
7 13 22 23 29 36 46 51 58 59 61 66 67 102 105 107 118 119 139 142 143 
52 52 927 28
2 6 18 22 24 29 31 33 41 42 53 61 67 71 77 87 88 91 96 99 115 116 126 132 137 139 147 148 
53 16 891 38
1 10 14 17 21 24 26 28 36 38 39 47 51 63 68 70 71 73 77 78 81 85 89 92 95 97 103 105 108 113 114 115 122 130 133 136 147 149 
54 13 818 22
6 27 33 42 43 53 62 67 71 87 90 91 100 104 107 117 128 137 138 145 146 150 
55 29 1184 20
9 15 33 36 56 58 61 62 63 65 87 93 95 97 100 104 119 135 137 139 
56 32 793 27
4 6 10 18 20 25 30 54 57 86 87 88 89 90 94 102 117 120 122 125 128 131 132 135 136 138 142 
57 18 879 18
8 16 23 26 32 38 42 46 63 64 88 91 95 98 100 114 125 135 
58 12 805 15
20 33 49 52 64 90 116 117 122 125 127 134 135 145 147 
59 59 915 13
3 9 13 19 20 24 36 67 71 97 127 143 148 
60 49 1159 25
15 16 18 24 28 48 53 57 65 86 87 88 101 102 104 110 126 128 129 131 132 136 138 146 148 
61 33 781 22
19 20 24 27 30 33 36 50 51 59 71 81 93 97 107 115 119 129 133 136 137 139 
62 54 1196 24
1 8 18 19 21 27 32 33 51 57 59 70 94 100 103 107 109 114 125 126 138 142 145 147 
63 28 952 23
6 10 12 25 30 41 45 47 49 51 54 59 69 78 89 91 94 103 120 122 142 145 147 
64 28 1111 17
5 19 26 33 35 40 48 57 66 82 93 116 118 121 140 147 150 
65 54 781 20
6 14 24 28 36 46 50 58 61 69 82 83 88 109 110 115 120 133 136 141 
66 13 1001 28
4 7 10 11 20 22 24 25 33 35 41 43 48 49 61 71 73 86 89 94 103 107 110 113 118 119 140 146 
67 26 757 20
2 5 24 26 28 33 42 50 63 69 90 94 95 96 99 102 104 116 123 145 
68 22 1208 32
7 8 11 18 20 23 42 44 54 62 63 67 71 84 85 94 97 98 99 101 102 103 113 115 119 122 125 127 131 133 141 147 
69 29 1257 20
11 14 26 29 36 38 46 57 70 71 76 85 86 101 102 115 117 126 131 143 
70 19 891 23
7 8 11 14 23 24 28 39 60 61 62 63 77 87 96 99 111 119 128 129 133 139 146 
71 19 1025 23
5 15 31 32 35 39 42 43 48 58 62 66 68 73 85 103 113 116 124 130 133 134 135 
72 14 757 24
1 22 37 39 42 46 47 51 53 59 64 73 82 91 92 106 107 118 122 124 129 131 136 145 
73 25 1208 35
2 4 7 12 22 23 27 28 30 32 34 47 53 60 61 62 67 78 81 82 87 90 94 97 98 102 103 119 137 138 139 142 146 148 149 
74 19 903 35
1 13 16 19 22 24 32 35 40 43 48 50 55 59 62 63 69 71 73 76 77 80 86 87 90 91 92 110 118 119 120 140 147 148 149 
75 20 1086 18
29 34 44 53 58 76 78 82 90 91 93 97 102 115 126 137 148 150 
76 47 1086 23
11 15 19 24 28 31 34 37 40 54 69 73 83 85 87 94 101 103 114 119 121 136 137 
77 21 1074 14
22 32 41 46 48 55 59 66 70 77 78 87 143 148 
78 17 781 27
1 7 20 29 33 34 44 50 58 61 67 76 80 82 86 92 97 98 105 113 119 124 128 139 146 148 149 
79 37 793 19
6 7 10 14 18 35 47 51 85 90 97 106 109 114 120 121 128 134 142 
80 67 3101 24
1 24 29 36 38 41 42 43 47 55 62 67 71 77 82 90 97 106 107 113 122 129 139 141 
81 17 1159 18
3 23 31 32 35 41 42 58 69 78 102 103 110 117 118 137 139 148 
82 33 1269 31
1 2 3 4 5 10 20 22 27 31 39 46 47 58 60 61 64 72 78 80 92 94 95 110 112 136 137 145 147 148 150 
83 127 4798 28
2 4 7 11 17 18 21 22 24 26 28 31 34 53 57 60 65 74 77 89 91 111 116 118 133 139 147 150 
84 22 1282 20
8 9 13 17 23 27 31 33 43 53 60 68 71 94 98 99 114 130 141 148 
85 57 3345 27
7 11 15 19 28 32 43 46 48 54 71 76 77 83 85 87 94 98 103 104 107 115 116 121 125 148 150 
86 10 1025 20
8 19 28 31 44 46 59 60 61 71 83 85 94 95 100 114 124 130 145 148 
87 17 1257 25
10 15 23 26 35 41 43 46 68 76 80 87 96 98 104 107 108 115 117 118 122 125 128 129 131 
88 15 1086 21
3 10 18 20 31 37 42 47 51 71 78 91 94 105 109 114 117 122 133 137 142 
89 14 830 16
3 7 12 19 31 36 54 66 103 119 122 133 135 142 148 150 
90 21 1233 35
3 7 11 14 20 21 26 29 31 34 42 43 60 63 67 68 69 70 78 84 85 94 95 97 100 102 103 105 119 127 129 130 136 142 145 
91 19 866 34
2 3 8 11 12 17 19 22 24 35 39 43 46 47 48 49 53 54 69 85 88 94 100 107 110 111 116 117 122 132 136 141 144 146 
92 21 1172 25
2 10 18 19 24 27 39 42 50 67 69 71 72 85 88 89 96 100 120 125 128 133 135 141 144 
93 20 1135 32
15 17 19 20 21 22 24 31 34 37 45 47 49 63 64 65 74 78 81 88 90 94 101 102 110 116 118 126 132 137 147 150 
94 17 805 11
4 10 20 24 30 64 71 76 101 116 136 
1 801 176699 83 114 1777 961
2 6273 73204 13 106 2970 4246
3 7099 133860 61 69 3552 18400
4 10189 103830 57 6 23992 9780
5 11482 29255 127 148 516 430
6 11482 14228 127 28 206 86
7 12546 70828 13 106 594 2123
8 13076 174203 23 69 1575 797
9 13756 27781 19 120 581 352
10 14199 130752 61 69 444 4600
11 15223 129162 59 60 360 3358
12 20378 82837 57 6 2999 2445
13 21651 137687 130 142 504 3504
14 22414 117129 48 23 325 2803
15 23535 79051 142 29 2869 1711
16 23535 79051 142 79 2869 1711
17 23999 68143 114 42 403 1677
18 26166 34922 145 136 89 186
19 26166 34922 145 152 89 186
20 29684 136661 145 150 3060 8524
21 32139 403362 88 96 83132 20292
22 33738 105906 21 48 504 2664
23 35020 461167 149 48 11517 4165
24 35723 152248 93 121 2534 3168
25 36133 65456 67 133 383 72
26 36225 103310 58 69 416 1944
27 37157 53579 138 25 557 53
28 37157 40929 138 77 278 13
29 38478 199862 106 32 1740 4602
30 40918 49758 107 89 127 12
31 40936 122236 9 146 1819 3591
32 41168 197558 74 59 1594 4141
33 43639 119246 67 136 1532 3160
34 43774 208254 91 116 22032 5616
35 44765 162346 31 19 1785 5320
36 45448 192310 44 95 12180 1992
37 45448 192310 44 152 12180 1992
38 46821 151423 137 115 1610 4522
39 46879 448971 92 122 11407 2998
40 47078 49352 136 73 89 186
41 48020 68098 98 124 1647 280
42 48020 51214 98 78 470 40
43 50251 121745 116 82 270 198
44 50528 66036 44 72 1800 221
45 50941 108740 76 81 1763 1215
46 52700 53464 77 25 383 72
47 52813 279569 35 113 5384 5696
48 53215 106203 93 39 1605 1069
49 54107 261017 106 34 7694 2331
50 55785 58168 139 121 35 184
51 58218 136607 103 66 354 2664
52 59345 239104 34 84 3038 1924
53 59368 133941 145 150 340 2131
54 59430 70423 121 148 31 146
55 59477 273684 61 46 5466 4385
56 63080 252501 53 15 7877 1631
57 64279 332106 88 96 11876 6764
58 65043 256668 126 2 14238 14016
59 66264 72514 17 18 122 126
60 71446 150076 93 121 362 1056
61 72413 121132 108 72 11569 68
62 72879 75563 27 97 246 82
63 77239 146256 114 15 557 770
64 80130 235214 130 97 2786 1519
65 81236 159655 1 134 1544 528
66 82341 911962 150 60 19842 6520
67 83782 123338 23 120 350 3150
68 83862 151145 77 20 1739 443
69 84585 108638 28 85 11572 59
70 84936 121983 42 71 388 2646
71 85563 108699 28 85 11569 68
72 86023 173188 107 148 1729 2960
73 87548 188976 91 116 2754 1404
74 89647 170824 110 128 1626 2160
75 90714 102295 6 148 102 152
76 90714 102295 6 153 102 152
77 90751 93191 150 62 52 121
78 90896 183175 44 95 3045 996
79 91199 185572 70 71 721 450
80 92250 93453 94 13 33 150
81 100503 121520 116 79 45 66
82 100503 121520 116 82 45 66
83 100503 121520 116 82 45 66
84 100648 121443 116 82 79 55
85 100648 121443 116 151 79 55
86 100648 121443 116 152 79 55
87 100648 121443 116 82 79 55
88 102999 891069 111 102 19990 5216
89 106582 109190 137 153 39 148
90 106582 109190 137 61 39 148
91 107923 126563 40 37 455 160
92 109048 111876 7 98 42 133
93 110489 123238 12 145 532 123
94 111483 112391 12 20 455 160
95 111834 113159 61 146 42 133
96 111834 113159 61 154 42 133
97 118750 121296 107 122 86 111
98 119150 288940 2 68 1552 5538
99 119618 122804 107 122 1594 4141
100 119801 123279 107 122 1740 4602
101 120185 122827 107 92 193 33
102 120453 437086 89 127 11475 3978
103 121705 185456 36 137 450 275
104 126165 127447 97 80 79 55
105 127370 265075 86 137 1648 4800
106 128559 323199 88 96 2969 3382
107 130087 244012 126 2 1582 3504
108 131215 285435 32 99 1779 4430
109 132204 135682 20 76 1740 4602
110 132388 424488 117 71 11472 3580
111 132659 319933 114 134 3022 2637
112 133397 184161 27 25 520 195
113 133397 184161 27 154 520 195
114 133615 137421 58 103 193 33
115 142494 146181 125 69 306 78
116 143528 156348 71 59 732 111
117 148108 159196 73 117 81 25
118 151805 154473 26 134 172 148
119 151906 154678 26 134 180 120
120 157067 159396 134 24 180 120
121 159416 161819 135 147 86 111
122 166523 168979 38 142 103 150
123 168222 174296 16 117 3038 1924
124 182399 184954 70 71 103 150
125 182732 186454 117 119 232 63
126 232553 236119 10 132 79 142
127 238512 507125 5 33 9468 548
128 414752 436326 116 69 1052 137
129 477024 498709 5 33 1052 137
90 133
1 21 1899 14
1 18 22 28 51 88 96 99 100 107 118 127 128 134 
2 10 1519 19
8 16 18 22 26 31 38 44 48 66 71 83 88 96 100 102 104 127 128 
3 16 1279 11
29 35 75 76 82 100 122 126 127 128 129 
4 90 2078 13
24 63 68 81 97 110 113 114 120 129 135 140 141 
5 43 5097 12
6 48 55 75 88 100 103 114 127 136 138 141 
6 12 1819 26
5 9 15 16 23 30 37 53 54 58 62 72 77 82 85 90 99 100 109 115 116 123 125 128 131 133 
7 32 1499 9
10 15 20 41 44 46 60 84 102 
8 17 1919 15
17 20 30 31 38 42 44 65 72 77 87 99 112 120 134 
9 112 5877 18
3 9 10 26 36 49 67 71 72 77 86 91 96 105 115 133 135 137 
10 44 1519 20
1 8 10 12 26 30 31 38 40 65 66 78 84 87 94 103 110 115 131 134 
11 291 6136 11
8 19 26 31 44 49 67 100 106 108 122 
12 17 1539 12
10 14 17 19 72 94 96 102 116 125 134 138 
13 23 1299 19
10 12 26 44 59 69 75 77 80 94 104 114 120 121 124 128 133 134 141 
14 33 1739 16
8 10 17 19 27 39 56 73 81 88 97 116 119 121 127 128 
15 14 1519 18
18 19 34 41 42 44 57 60 67 75 86 96 97 101 121 122 131 141 
16 69 1819 14
9 16 19 42 44 53 60 69 76 106 112 125 131 134 
17 26 1819 18
13 31 35 57 60 71 79 89 93 110 113 116 121 122 125 129 134 141 
18 11 1639 13
3 19 27 38 66 78 79 91 94 127 128 132 133 
19 122 1199 14
5 30 34 40 46 55 68 97 106 110 112 113 131 133 
20 13 1779 16
5 9 30 53 54 85 90 93 95 100 112 115 116 126 128 133 
21 31 1979 19
13 20 23 40 42 46 52 58 59 65 76 77 78 81 101 106 123 131 139 
22 204 2038 12
5 13 17 23 30 31 34 63 81 87 99 131 
23 60 1599 15
8 27 37 39 41 60 69 77 106 116 124 127 133 135 141 
24 55 1739 14
26 47 64 67 70 71 72 75 81 100 102 116 138 140 
25 38 1839 14
9 10 27 47 57 59 60 83 84 91 103 133 134 135 
26 6 1379 12
9 26 29 42 77 81 106 121 122 124 134 141 
27 11 1519 22
2 6 14 26 45 47 49 51 71 75 77 99 100 105 108 110 113 122 127 131 132 141 
28 21 1279 16
5 14 32 38 45 51 82 88 90 114 116 126 127 129 136 140 
29 20 1619 19
11 14 22 23 34 38 40 48 50 52 58 64 65 81 86 91 99 135 137 
30 7 1479 13
30 32 40 51 53 60 88 110 112 115 116 129 133 
31 21 1699 17
24 29 34 40 46 58 62 63 77 81 106 114 117 131 135 139 140 
32 30 1659 10
16 35 58 66 72 82 99 113 117 121 
33 24 1619 11
19 31 44 52 53 69 86 98 114 115 138 
34 22 1759 27
5 10 12 26 29 30 31 32 34 38 44 47 52 64 65 76 81 87 94 99 101 115 120 123 127 131 139 
35 31 1739 28
2 13 14 18 19 22 23 40 41 42 46 48 50 52 53 63 67 81 88 99 106 116 117 123 130 131 133 135 
36 122 7456 18
11 17 26 30 34 45 53 70 85 86 96 97 103 106 119 123 129 135 
37 12 1339 16
8 11 24 26 41 50 65 81 101 103 108 110 119 120 124 135 
38 115 2038 12
35 45 57 77 94 103 104 112 121 122 135 141 
39 73 1759 18
1 22 33 34 51 57 58 72 88 89 91 98 113 119 121 123 129 140 
40 24 1479 15
9 15 40 44 53 54 60 70 85 86 99 114 124 125 138 
41 14 1639 22
4 34 42 50 51 68 71 73 75 81 86 88 100 110 113 117 118 119 126 127 131 135 
42 12 1199 16
4 9 33 42 47 60 78 81 84 86 88 92 97 117 128 137 
43 13 1279 17
22 27 29 36 39 42 52 53 57 75 88 91 107 110 116 121 128 
44 21 1199 12
2 14 15 38 39 41 64 75 106 119 130 131 
45 73 7216 14
11 14 26 28 29 38 50 58 65 70 106 107 119 131 
46 21 1259 16
13 14 16 37 41 58 66 79 82 93 101 106 123 124 129 134 
47 30 2078 20
2 19 22 24 26 29 36 38 51 64 70 71 94 99 100 114 115 119 132 140 
48 15 1539 17
18 23 26 38 42 45 47 48 64 67 71 77 82 94 103 127 129 
49 7 1599 9
23 29 33 46 62 76 112 113 129 
50 6 1539 14
4 16 23 36 38 39 44 54 73 75 86 97 127 140 
51 21 1979 11
19 26 29 33 49 61 64 76 102 122 131 
52 16 1899 13
1 5 10 38 66 69 96 104 105 115 121 123 128 
53 7 2098 10
1 7 15 28 32 34 69 102 110 116 
54 140 4477 14
1 8 18 26 64 71 72 77 91 102 105 123 131 134 
55 19 1679 10
10 38 52 75 76 77 80 96 115 123 
56 66 4717 14
15 36 42 48 57 58 67 78 81 83 84 127 128 141 
57 63 1899 10
3 8 12 26 66 71 76 131 134 141 
58 13 1479 13
1 7 17 19 31 65 70 72 89 102 122 125 137 
59 52 1259 14
14 19 31 34 52 58 59 71 72 89 94 98 119 126 
60 15 1459 19
19 28 29 34 42 50 51 53 67 75 88 94 96 106 119 123 126 128 131 
61 15 1579 18
7 14 15 19 22 31 33 44 51 57 60 76 89 94 98 99 102 138 
62 55 1419 15
19 23 31 34 56 58 59 68 73 84 86 88 96 117 130 
63 18 1859 10
10 27 30 38 44 59 78 101 106 124 
64 31 6776 15
2 29 38 40 46 50 61 64 77 85 103 117 127 129 136 
65 12 1459 10
14 23 55 75 93 94 99 115 116 128 
66 9 1819 17
2 15 16 17 19 22 53 56 64 68 71 73 89 106 126 137 140 
67 136 6756 12
13 26 33 38 47 80 96 108 109 115 117 137 
68 19 1799 24
1 26 27 34 38 40 41 44 47 48 57 59 67 71 72 75 78 81 84 86 101 123 127 131 
69 263 7656 14
2 25 26 43 46 61 63 106 117 124 131 133 135 141 
70 15 1779 13
6 19 26 42 61 70 71 72 79 127 132 140 141 
71 79 1639 26
6 14 26 32 35 38 53 55 64 71 72 75 82 86 94 96 103 108 115 119 122 128 129 131 136 138 
72 53 1939 26
8 10 23 28 30 31 33 38 46 52 63 64 77 81 85 95 106 110 113 114 119 123 127 131 137 141 
73 11 1679 18
7 13 31 35 37 39 54 70 90 93 109 112 115 116 123 125 133 141 
74 24 5637 14
8 24 29 38 42 48 58 64 83 96 100 124 131 137 
75 22 1519 18
1 34 40 42 45 50 58 65 91 100 107 116 117 118 127 133 135 137 
76 80 2018 20
5 15 17 24 29 32 33 44 46 68 76 97 102 110 113 120 129 131 139 140 
77 39 1819 17
8 10 13 14 26 31 35 46 61 72 80 99 102 108 115 121 128 
78 74 1479 19
14 15 16 19 24 26 31 32 47 67 75 86 88 100 102 103 114 137 138 
79 15 1599 15
14 19 41 56 58 68 71 86 91 95 96 100 116 121 123 
80 19 1199 12
10 14 23 33 45 57 62 103 113 123 125 128 
81 28 2078 26
5 14 23 30 42 45 53 55 58 62 69 76 77 82 93 96 110 113 115 116 122 126 128 129 133 141 
82 23 1559 15
8 15 24 29 31 53 63 77 81 99 103 110 114 120 140 
83 65 6476 13
10 31 35 36 59 69 71 75 89 94 126 128 135 
84 77 2018 11
24 42 44 47 67 77 81 84 108 109 137 
85 33 1639 11
8 22 26 41 57 58 60 95 107 118 131 
86 30 1499 14
1 8 10 13 19 34 35 39 55 70 88 106 129 133 
87 46 1339 20
13 23 26 28 38 46 50 52 70 77 81 91 95 96 99 107 114 129 130 131 
88 53 6436 25
8 14 28 29 34 41 42 50 52 53 60 63 64 70 81 85 91 101 107 108 117 127 128 135 141 
89 34 1939 15
8 22 29 34 36 39 88 106 110 119 124 127 129 135 141 
90 93 2058 18
1 2 10 27 34 41 52 59 81 88 106 119 127 128 131 133 134 141 
1 968 373790 8 75 32509 2178
2 6581 259800 141 57 27288 3174
3 6736 243488 134 51 4778 1375
4 8741 632893 54 18 75828 4704
5 8741 651850 54 111 94785 4704
6 11332 89886 67 61 979 1815
7 13119 176362 97 55 2969 3255
8 13163 237060 141 57 4548 1058
9 15088 144005 18 63 866 4137
10 15274 87637 36 140 620 1579
11 16661 18942 39 98 137 175
12 16825 972204 136 34 709674 6201
13 17053 141415 19 101 575 3185
14 17483 576022 54 144 18957 2352
15 17483 576022 54 111 18957 2352
16 17483 576022 54 18 18957 2352
17 18550 135932 75 15 545 1625
18 19107 171764 4 1 2716 2766
19 22844 141405 65 114 4599 440
20 22844 141405 65 21 4599 440
21 23045 117323 14 86 720 1446
22 27354 61371 14 71 2506 534
23 27733 100375 76 25 5496 3488
24 28647 87110 124 26 610 1239
25 29297 135400 31 145 4624 325
26 29297 135400 31 104 4624 325
27 29297 135400 31 74 4624 325
28 29423 149731 70 111 40797 4356
29 31232 163247 95 29 737 2808
30 33445 159673 93 101 527 1993
31 33474 36763 98 53 178 165
32 33651 347015 136 34 84485 1378
33 33651 380809 136 34 118279 2067
34 34536 340025 124 116 32982 1960
35 34688 304874 5 33 2524 2664
36 36650 555327 140 22 18665 2069
37 37571 91933 5 71 2538 620
38 41725 191405 72 140 2340 4356
39 45596 101841 94 77 5145 346
40 46668 53065 85 14 174 177
41 47019 74258 85 72 895 892
42 49021 297523 140 142 16945 793
43 49021 297523 140 142 16945 793
44 49021 297523 140 143 16945 793
45 49021 297523 140 126 16945 793
46 50593 85626 128 6 919 44
47 50593 85626 128 142 919 44
48 50593 85626 128 6 919 44
49 52891 54845 116 38 174 177
50 53069 119783 81 62 4633 1557
51 54709 59223 14 71 358 178
52 54709 59223 14 71 358 178
53 55467 95566 76 25 687 872
54 56885 91687 3 141 587 706
55 58846 113467 70 63 4533 1089
56 58846 113467 70 142 4533 1089
57 58846 113467 70 111 4533 1089
58 59188 62908 133 87 195 117
59 67303 279427 136 34 16897 689
60 68554 1318565 136 73 162520 10478
61 69376 302981 5 33 631 1332
62 75143 89677 5 71 282 155
63 78650 335411 59 131 8591 3384
64 79299 299652 128 42 750 1158
65 83451 189650 72 140 585 2178
66 86224 95420 75 132 4599 440
67 87042 91422 5 141 171 109
68 87144 220999 55 35 552 2875
69 88488 326007 75 145 8912 2402
70 88488 326007 75 28 8912 2402
71 89395 93146 82 105 282 155
72 89698 194177 94 93 5005 423
73 90953 201918 68 122 572 2357
74 91192 97725 94 77 1029 173
75 91192 97725 94 77 1029 173
76 92639 101703 94 77 4533 1089
77 93379 94887 48 64 60 167
78 94913 97420 34 117 61 117
79 96696 104386 10 13 1029 173
80 96815 101228 64 96 82 197
81 96815 101228 64 96 82 197
82 97216 213801 96 57 1328 200
83 102542 282751 138 112 43974 651
84 102753 185488 20 15 678 1960
85 115121 119055 10 40 285 145
86 120549 353781 24 92 2689 2144
87 120549 353781 24 142 2689 2144
88 121608 155496 72 115 16945 793
89 122649 325147 43 104 2783 3759
90 123264 127666 40 24 282 155
91 124876 349502 114 78 2502 1522
92 130890 134876 128 36 48 125
93 137108 1188549 136 73 32504 5239
94 138166 204128 68 138 32982 1960
95 138551 159435 1 76 2606 61
96 138551 159435 1 144 2606 61
97 149142 487853 46 29 170613 9408
98 149142 487853 46 145 170613 9408
99 156556 319921 131 94 2737 2744
100 158348 167442 91 38 4548 1058
101 171276 210959 19 60 5910 198
102 171301 1155470 50 97 32599 4715
103 171301 1155470 50 143 32599 4715
104 172961 179262 38 131 382 55
105 172961 179262 38 144 382 55
106 179396 189887 94 93 715 141
107 194433 212639 96 57 166 50
108 194433 212639 96 57 166 50
109 195098 213292 96 57 168 67
110 195098 213292 96 57 168 67
111 196541 218628 127 30 1435 79
112 205085 246106 138 112 7329 217
113 210437 215813 96 57 2689 2144
114 222491 227393 57 15 168 67
115 222797 226564 57 15 166 50
116 224150 229622 34 37 2737 2744
117 224150 229622 34 74 2737 2744
118 226764 247807 81 41 3072 62
119 226764 247807 81 144 3072 62
120 230889 265623 37 145 288 144
121 230889 265623 37 35 288 144
122 236965 258279 30 81 1354 84
123 240869 245276 53 40 168 67
124 243994 245492 47 31 750 1158
125 263094 273552 60 38 715 141
126 270580 275492 35 49 265 179
127 270580 275492 35 74 265 179
128 297126 318594 46 29 1354 84
129 298285 336197 46 29 18957 2352
130 340345 729006 32 45 14679 507
131 680690 716424 32 45 2097 169
132 851027 886680 128 143 2248 162
133 851027 886680 128 77 2248 162
93 142
1 54 3683 22
2 12 17 19 32 45 47 63 65 66 75 77 81 82 83 98 100 127 128 132 134 145 
2 20 1394 26
2 8 12 13 15 16 21 30 32 34 51 62 64 65 82 88 89 90 98 99 111 127 128 135 137 146 
3 17 1561 23
19 26 39 45 47 52 59 75 77 80 82 84 87 89 95 96 98 103 111 114 133 136 143 
4 8 1137 14
4 9 18 32 39 54 55 71 100 114 119 133 135 143 
5 14 1318 35
2 3 11 12 19 21 24 39 42 43 46 51 59 60 65 72 73 75 77 80 87 101 103 108 110 112 118 123 127 132 133 137 138 142 146 
6 65 5988 31
8 12 13 14 16 23 27 32 40 42 50 52 60 62 65 72 75 78 87 89 99 100 112 114 121 125 127 129 133 136 143 
7 39 5108 19
2 6 18 22 24 32 36 38 46 64 65 69 74 91 94 101 108 111 113 
8 7 1167 31
2 5 9 13 14 16 17 18 32 39 40 42 43 48 51 55 57 71 77 81 84 94 100 112 114 117 118 124 128 134 135 
9 9 955 26
4 9 10 22 24 26 30 41 43 47 50 59 61 65 75 82 90 93 99 101 102 104 112 118 132 145 
10 6 1349 26
3 8 9 12 18 20 25 26 30 48 58 65 67 76 81 83 85 87 90 91 98 101 104 113 117 130 
11 9 1212 19
4 10 20 26 35 36 48 65 72 86 90 96 99 109 110 113 132 140 143 
12 6 1379 16
2 9 20 35 37 42 60 72 94 112 113 114 125 131 134 143 
13 15 1394 29
3 7 8 9 11 13 14 15 18 22 23 36 46 52 75 85 87 88 89 90 93 121 125 127 128 130 137 139 146 
14 204 5169 29
3 4 11 25 26 34 37 40 41 48 55 57 61 66 77 78 95 98 109 113 117 121 126 133 134 139 142 143 147 
15 15 1288 33
7 22 24 25 26 29 33 39 40 43 50 51 55 65 67 73 74 75 82 88 89 90 96 99 109 112 113 118 119 121 126 142 143 
16 8 1364 31
2 3 19 24 34 35 36 38 43 46 59 60 62 66 78 87 94 101 105 112 117 123 126 128 129 130 133 135 139 141 145 
17 15 1182 25
9 12 16 19 26 31 33 39 47 55 63 86 88 89 96 97 99 103 107 116 127 130 138 141 143 
18 7 1197 17
2 7 16 17 23 26 35 36 47 48 89 100 114 119 125 138 143 
19 16 1440 27
2 3 27 34 38 41 45 46 51 53 62 66 67 70 71 72 77 80 106 118 121 123 127 129 134 135 139 
20 30 4047 18
2 11 13 21 26 31 32 53 59 80 81 85 89 91 101 113 133 136 
21 9 1531 26
9 10 38 43 49 51 53 60 61 65 68 70 95 97 101 108 110 118 120 123 126 132 134 135 139 146 
22 8 1106 15
4 14 18 32 34 50 67 75 88 89 99 121 130 135 146 
23 15 1212 28
4 8 10 11 18 21 32 34 39 41 44 45 47 52 59 62 67 72 83 87 97 115 128 133 134 135 139 144 
24 36 1137 28
6 11 20 21 23 28 31 38 52 58 68 74 76 81 85 89 93 102 103 106 110 112 114 118 123 129 133 145 
25 15 1227 16
6 10 16 22 37 65 71 95 96 97 107 120 126 132 134 146 
26 7 1591 23
2 7 20 26 28 36 51 58 68 76 80 90 93 94 96 101 113 119 125 130 131 133 143 
27 7 939 26
18 21 23 25 33 35 38 39 42 53 58 59 67 68 72 93 99 105 106 112 131 133 134 138 142 143 
28 14 985 22
3 5 10 17 19 24 32 65 67 87 104 105 106 112 124 125 127 133 134 135 146 147 
29 6 1288 20
2 3 16 18 25 33 38 59 66 72 91 101 105 108 113 126 138 143 144 146 
30 8 1182 18
2 4 5 6 16 17 21 37 54 66 70 95 100 106 129 133 134 138 
31 13 1500 26
15 26 29 31 36 38 42 50 53 59 65 68 72 78 86 93 99 101 112 116 122 123 131 135 142 148 
32 44 5715 27
3 7 11 12 21 23 27 33 38 42 44 52 54 65 71 76 77 82 84 89 90 103 106 121 131 137 142 
33 10 1030 25
2 23 25 26 27 30 36 37 38 47 55 58 62 66 72 91 99 105 112 127 130 133 135 143 145 
34 29 4684 27
17 23 33 37 39 41 51 55 58 65 70 75 85 86 87 88 89 97 108 112 113 118 121 123 133 142 143 
35 7 1106 11
23 26 30 31 47 56 66 80 103 113 119 
36 15 1440 28
16 17 26 30 33 39 41 44 45 48 49 55 57 65 66 69 71 74 78 81 82 88 101 107 121 138 140 145 
37 35 1212 25
9 11 13 14 20 35 42 43 58 64 65 67 72 75 81 98 102 110 112 123 132 133 135 144 146 
38 6 1485 10
2 3 5 27 46 71 86 117 124 141 
39 10 1470 15
4 6 13 14 21 43 46 50 54 55 67 87 100 127 139 
40 10 909 30
6 8 9 12 16 19 20 24 26 31 43 54 57 67 78 91 94 97 100 101 106 111 112 113 123 127 132 137 141 144 
41 12 1227 27
12 15 24 26 36 42 44 50 58 73 75 78 93 102 103 107 110 116 118 122 123 130 132 136 140 141 147 
42 11 985 31
2 4 19 20 21 24 25 27 29 33 34 36 41 42 49 54 65 69 71 76 78 84 86 90 104 106 107 116 126 138 144 
43 13 1046 33
2 7 10 17 18 21 25 26 33 44 45 49 50 53 57 68 73 75 82 89 90 95 105 107 110 111 113 118 130 135 142 145 146 
44 14 1349 30
10 19 33 40 48 50 61 62 63 68 74 75 76 77 78 82 87 94 96 100 102 105 110 112 120 122 125 131 135 142 
45 73 5745 22
12 18 21 40 41 43 44 53 55 67 83 87 89 98 101 112 113 117 120 123 126 133 
46 33 1531 21
14 15 17 42 43 44 46 55 59 68 84 85 89 90 94 102 104 112 124 129 131 
47 11 1364 20
1 2 4 5 7 16 23 82 83 90 93 94 101 120 124 128 129 134 135 139 
48 16 1182 24
10 21 24 25 36 40 42 45 47 50 66 78 80 84 87 90 103 110 113 126 135 142 143 144 
49 20 3092 22
2 16 33 35 44 63 65 83 89 94 96 104 108 110 124 128 129 130 133 134 135 148 
50 23 1394 40
8 17 23 24 25 27 33 35 36 38 39 41 45 47 49 54 55 59 63 64 66 72 88 89 91 97 100 101 105 112 114 118 123 126 132 133 139 142 143 146 
51 9 1303 24
3 8 18 23 26 37 41 45 46 59 61 62 63 74 81 86 89 95 96 97 98 118 126 144 
52 15 1273 27
11 14 15 21 23 26 30 40 51 52 59 65 67 74 82 84 90 95 98 103 111 114 127 131 133 135 136 
53 10 1137 40
2 4 17 22 24 30 33 43 44 47 54 58 59 64 65 66 68 69 76 84 86 87 89 91 95 97 98 99 102 105 108 110 112 113 121 123 132 133 135 145 
54 14 1243 33
2 7 8 11 13 18 21 22 26 27 34 43 53 57 59 73 80 91 98 100 101 105 106 112 113 117 122 123 129 130 137 139 140 
55 22 1152 32
3 26 27 33 37 40 42 44 45 46 52 54 58 61 69 74 76 80 87 89 90 91 96 97 99 102 114 116 118 123 124 133 
56 11 1485 29
7 8 10 17 19 23 24 36 41 49 59 61 62 66 77 78 79 82 100 101 104 105 107 108 118 120 123 132 143 
57 7 909 44
2 3 4 10 11 12 13 14 17 26 30 32 33 34 41 44 50 52 65 67 72 74 75 79 82 84 86 89 90 93 96 97 101 104 105 107 116 123 124 126 128 132 133 134 
58 8 1409 30
2 7 9 14 16 17 18 23 26 27 35 36 39 40 57 66 67 68 69 72 81 84 90 100 112 116 119 129 138 141 
59 135 4502 27
11 13 25 26 33 34 35 38 39 41 45 53 55 65 67 77 81 98 100 104 107 111 115 122 136 138 140 
60 11 1470 23
1 2 12 17 27 32 47 52 54 55 58 66 71 75 82 94 100 112 127 133 138 139 143 
61 19 1516 35
2 3 7 19 23 25 26 33 35 39 41 44 47 50 53 56 58 66 72 75 77 80 85 87 90 100 101 112 125 130 133 135 142 146 147 
62 11 1046 33
2 7 12 13 17 21 25 32 40 44 47 51 52 54 55 59 71 72 75 77 84 95 100 105 109 112 113 121 126 131 138 142 143 
63 8 985 15
18 23 26 58 62 65 82 83 93 97 100 112 117 144 145 
64 16 1318 27
2 6 7 8 10 15 16 26 28 30 31 34 50 60 62 71 78 80 89 91 101 102 123 124 127 136 140 
65 9 1576 25
3 13 14 17 18 19 23 32 42 43 48 62 71 74 79 81 82 94 96 101 107 116 124 128 134 
66 11 1212 19
2 5 15 37 39 59 66 74 77 81 89 94 95 114 119 121 122 131 134 
67 14 1379 34
2 12 15 21 26 27 32 34 35 36 39 51 52 59 68 73 81 87 98 105 110 112 117 118 123 124 125 127 128 130 137 139 140 144 
68 12 1121 32
8 9 11 20 22 25 33 37 45 46 49 55 57 62 63 65 67 72 77 80 97 101 108 112 113 114 117 122 134 135 137 148 
69 9 1152 20
7 10 14 16 17 23 39 53 65 78 89 90 101 110 120 125 128 129 134 143 
70 12 1030 24
3 8 9 10 12 22 24 31 33 42 43 45 48 57 59 67 69 72 91 117 133 134 137 144 
71 18 1455 29
3 6 10 11 19 27 32 42 45 51 52 59 64 65 67 80 81 84 87 90 102 108 110 112 113 127 130 137 140 
72 6 955 34
6 9 10 22 25 27 30 32 33 43 46 49 57 59 62 64 76 78 79 82 83 84 85 94 100 104 108 122 123 134 137 138 143 144 
73 9 939 27
3 27 31 33 43 44 46 49 53 55 57 60 66 75 78 100 106 108 111 113 132 133 134 139 145 146 148 
74 33 3168 28
2 13 23 30 34 39 44 50 58 66 67 74 75 77 78 82 83 100 105 118 119 122 125 128 130 134 136 140 
75 16 1531 25
3 9 16 41 46 51 55 57 67 71 78 80 105 106 112 114 117 123 125 133 138 139 142 143 144 
76 21 1425 28
2 3 4 23 26 36 42 50 52 58 59 66 74 78 80 84 85 87 88 89 93 99 101 112 114 135 138 144 
77 12 955 22
2 11 13 14 19 25 33 53 54 55 58 59 65 68 84 94 100 104 108 112 124 133 
78 8 1137 20
7 13 16 17 21 22 23 48 55 60 63 67 81 90 113 115 119 140 143 148 
79 47 4745 28
2 4 13 16 18 20 21 23 30 32 39 42 47 51 53 71 80 87 91 93 101 102 106 114 125 127 133 137 
80 12 1455 32
2 4 7 13 24 25 26 28 34 37 41 51 58 59 68 71 94 95 100 105 112 113 114 117 118 119 121 125 129 132 142 143 
81 13 939 28
2 3 7 8 9 10 12 13 16 19 24 32 34 36 43 64 65 67 85 88 112 114 123 124 125 133 137 144 
82 7 1000 21
21 23 35 42 55 75 80 84 86 90 94 95 96 103 111 112 130 132 136 145 148 
83 8 1516 21
14 23 35 46 53 60 73 75 77 89 90 100 101 108 125 133 135 136 140 141 147 
84 13 1334 18
13 16 18 22 45 47 52 75 77 80 84 89 90 93 125 126 127 135 
85 19 1303 31
1 11 23 26 30 43 44 46 48 49 53 56 61 63 67 69 74 77 85 86 87 97 99 109 112 113 123 126 133 134 145 
86 16 1227 32
5 18 21 29 38 42 43 51 53 57 58 60 65 67 68 69 71 74 75 77 81 90 96 98 101 111 112 122 126 130 143 146 
87 10 1061 22
7 12 13 14 16 17 21 23 31 51 53 60 78 86 88 99 112 116 127 140 145 148 
88 13 1046 36
2 7 18 19 20 23 25 27 30 33 36 38 39 49 53 73 77 78 93 94 96 102 103 104 107 113 114 126 130 132 135 136 142 144 146 148 
89 15 1303 27
1 10 15 17 44 47 48 52 54 56 63 68 74 80 86 87 89 100 112 114 116 120 124 130 134 142 143 
90 12 970 23
8 18 24 26 33 40 45 46 47 52 62 67 74 81 82 84 87 95 97 98 126 136 141 
91 66 5472 32
2 3 5 7 10 15 17 18 22 26 27 32 39 44 45 57 62 63 66 71 74 77 84 94 100 114 115 124 135 140 141 144 
92 19 1121 28
2 8 13 17 19 23 33 45 51 52 55 62 63 66 67 71 81 83 86 89 114 128 131 133 135 139 140 144 
93 18 1258 11
12 13 26 36 71 81 87 99 109 116 138 
1 695 143779 7 5 505 780
2 3725 142229 105 74 458 608
3 5626 105732 91 54 3651 418
4 9767 101307 2 24 3677 351
5 10113 58265 89 4 14776 1128
6 12802 232164 30 46 3790 897
7 14163 81650 52 58 12598 980
8 15639 51388 85 7 3567 688
9 17238 227329 104 95 3544 798
10 20226 47183 89 4 3694 564
11 26950 118966 72 132 2860 3912
12 28334 67945 137 131 12836 862
13 29899 34987 80 148 1231 94
14 31049 236110 138 36 3592 783
15 31049 236110 138 92 3592 783
16 33693 73410 96 24 1358 69
17 33756 39626 103 86 1231 94
18 33980 362583 19 62 14398 1659
19 35654 232030 24 130 3621 649
20 36012 74577 128 97 952 652
21 49027 347418 47 122 14337 1493
22 49495 620369 147 131 14363 6549
23 52543 108846 67 118 348 129
24 53900 116821 72 132 715 1956
25 55012 114914 112 31 537 1388
26 56520 151668 36 99 2095 187
27 57990 118954 8 43 266 75
28 64322 604479 116 113 14365 5042
29 67387 72246 96 24 194 23
30 70208 75780 114 144 432 20
31 71780 227492 132 58 2254 2091
32 72025 73744 128 97 119 163
33 72025 73744 128 97 119 163
34 73260 185905 120 65 4428 6240
35 73418 143940 77 68 573 900
36 74674 132868 39 13 470 693
37 75559 289289 111 26 15610 5787
38 80134 216049 145 149 2805 3402
39 82503 140709 51 50 2210 162
40 84594 396958 97 87 26364 5090
41 85242 172605 38 2 744 567
42 88680 151404 131 63 2273 1245
43 91591 146982 52 119 2223 1033
44 97896 213463 37 143 2266 1463
45 98614 100042 83 126 715 1956
46 99551 102348 97 120 107 138
47 103879 277369 87 84 3611 2600
48 105087 108556 67 118 58 43
49 108582 272345 128 14 3576 2028
50 108582 272345 128 152 3576 2028
51 109876 112900 120 33 119 163
52 111263 114730 95 33 303 83
53 111762 114872 19 84 302 97
54 114225 130045 79 112 265 123
55 114570 130225 79 112 302 97
56 115981 118726 8 43 38 25
57 117158 280022 117 9 1989 3504
58 120595 277207 89 103 2127 2803
59 127528 132034 79 112 2254 2091
60 139244 285760 46 143 92 70
61 143379 384894 69 71 6480 2860
62 146521 181969 120 149 492 1560
63 146521 181969 120 65 492 1560
64 147710 278600 44 12 1991 2442
65 149620 179079 49 18 670 1138
66 149620 179079 49 150 670 1138
67 150888 449662 134 144 483 3760
68 151118 275909 111 26 2230 1929
69 152601 434718 122 63 609 2857
70 153989 472895 11 76 6658 4370
71 158619 253196 10 40 2125 1200
72 160268 213805 145 149 561 1701
73 160268 213805 145 49 561 1701
74 161206 248669 80 66 2127 948
75 161298 464735 140 87 6477 3539
76 161828 187466 23 74 571 1292
77 166707 167827 50 38 561 1701
78 167442 170406 42 67 163 184
79 167442 170406 42 67 163 184
80 169189 377185 97 87 6591 2545
81 169674 170814 42 67 571 1292
82 170484 171985 38 2 124 189
83 171861 179431 67 124 124 189
84 181630 384132 133 51 7542 756
85 183693 214911 122 68 15610 5787
86 185508 430539 65 107 12824 1343
87 186783 218001 53 94 15610 5787
88 187044 610856 137 41 12577 5670
89 190418 336244 25 9 9695 1092
90 198093 292515 51 14 470 2771
91 199641 404215 114 47 12646 1047
92 200510 205691 2 149 298 84
93 200510 205691 2 17 298 84
94 201047 326069 68 88 9729 775
95 201102 597069 54 87 12541 4819
96 202402 210346 17 44 193 127
97 206384 237602 94 3 15610 5787
98 208724 290532 22 65 482 2438
99 211390 288148 16 135 745 984
100 213279 492538 118 105 3492 1326
101 214550 402571 102 151 384 1596
102 214550 402571 102 6 384 1596
103 216029 285159 46 47 666 2278
104 217280 487932 44 39 3568 1153
105 218711 401680 40 31 417 1276
106 219313 308925 67 141 3501 2520
107 219342 274233 85 26 680 1959
108 223783 304433 77 27 3732 2142
109 226492 286235 45 98 706 708
110 226542 243515 59 133 1371 79
111 226542 243515 59 133 1371 79
112 232458 237905 123 23 574 164
113 232820 241201 96 13 549 106
114 241888 250303 23 47 574 164
115 244655 246442 66 19 55 163
116 246361 249528 13 146 78 134
117 247757 256151 13 10 498 110
118 248144 255767 13 10 549 106
119 248144 255767 13 10 549 106
120 253891 259196 47 88 574 164
121 256585 269543 77 52 6480 2860
122 263058 275027 33 62 1768 70
123 263063 270955 10 26 498 110
124 263186 275377 33 152 1491 84
125 263186 275377 33 62 1491 84
126 270457 285043 52 99 498 110
127 274979 288976 89 109 64 162
128 278489 285691 46 143 23 35
129 287402 290241 143 65 23 35
130 291852 307945 93 105 776 177
131 294491 307805 123 8 6658 4370
132 296147 311844 14 118 1686 69
133 299663 300683 15 16 24 94
134 300616 309047 88 97 359 98
135 307169 323304 59 118 776 177
136 315708 324282 97 60 359 98
137 324762 350052 118 17 12646 1047
138 356802 361792 26 151 192 31
139 356802 361792 26 6 192 31
140 363077 377362 133 51 895 172
141 363260 377428 133 51 838 189
142 376407 384505 108 142 350 115
