3
93 353
1 86 907 43
3 6 7 9 11 13 20 21 51 52 62 71 73 86 87 88 89 103 104 110 114 117 135 136 137 141 144 148 150 163 167 169 171 174 177 178 186 192 211 212 217 227 228 
2 98 1041 39
7 12 13 14 21 22 34 37 44 55 62 75 80 86 100 103 104 110 113 119 124 138 143 146 152 157 163 166 172 182 191 192 197 210 214 222 225 226 227 
3 92 918 59
1 5 7 11 12 13 15 16 19 24 28 29 35 50 54 58 59 61 62 71 73 79 89 98 100 101 102 113 122 123 124 129 137 139 144 150 160 162 163 169 172 173 177 180 181 186 188 189 198 206 214 215 216 221 224 226 228 230 238 
4 103 1108 44
9 10 12 13 19 22 33 39 44 51 52 69 73 75 76 80 81 83 88 90 94 95 109 113 118 119 131 133 138 141 142 144 146 150 153 154 180 184 185 193 196 206 226 231 
5 86 907 52
3 15 16 20 26 28 29 34 40 42 47 56 57 58 61 64 71 72 78 87 89 91 101 106 112 114 131 132 141 144 145 148 149 157 158 163 164 178 185 186 187 191 202 205 208 210 214 224 228 230 236 238 
6 81 896 50
6 17 18 24 26 31 44 52 55 63 69 73 74 82 86 97 103 104 105 113 114 116 117 118 124 127 131 135 148 152 159 171 172 175 179 182 188 197 198 200 204 210 215 216 220 223 226 234 235 236 
7 111 1008 41
4 7 11 15 23 28 37 38 43 57 59 61 79 89 99 128 131 132 144 147 149 150 151 152 157 159 162 165 172 174 175 182 190 205 207 210 218 225 226 235 236 
8 100 1064 55
2 7 8 9 11 14 25 31 33 34 35 39 44 47 61 63 67 68 69 70 75 78 79 82 83 84 90 91 99 100 101 103 109 125 128 135 138 140 144 145 154 156 158 165 166 168 185 189 193 197 206 217 223 228 237 
9 101 1019 66
3 7 15 22 23 25 30 32 38 39 41 53 54 57 65 68 77 78 79 81 87 89 90 91 92 96 100 101 103 109 114 116 123 125 134 135 138 146 151 152 153 156 158 162 164 165 166 168 172 180 184 187 188 190 193 196 197 205 209 210 213 216 217 231 233 237 
10 76 817 46
6 10 16 20 36 38 39 43 45 54 55 59 61 76 82 83 85 87 98 100 109 114 116 121 131 132 142 144 145 146 151 157 160 162 165 170 172 173 175 176 178 188 201 203 218 231 
11 76 940 29
7 11 25 31 34 35 37 40 42 47 57 63 73 74 90 95 97 106 107 109 115 124 125 170 206 209 210 221 237 
12 83 806 52
4 8 11 17 23 27 29 34 37 38 39 40 44 53 54 55 57 63 68 72 78 83 87 88 89 93 97 101 102 107 108 116 130 146 149 151 161 182 187 193 197 201 209 212 213 219 224 230 231 232 234 237 
13 94 1019 57
9 20 29 34 36 38 42 43 54 55 56 57 59 72 75 77 81 85 91 100 104 105 113 114 119 121 127 128 134 135 139 141 142 145 148 156 167 173 175 176 179 181 188 200 201 203 205 209 213 214 217 220 228 230 233 235 238 
14 132 1164 55
3 4 6 8 9 14 22 25 28 29 33 42 44 45 47 52 63 69 70 72 73 74 75 89 93 103 112 115 118 121 127 131 134 145 148 149 156 158 160 161 163 173 175 184 191 193 197 207 208 211 213 215 218 221 232 
15 123 963 46
6 14 24 26 28 30 31 37 65 70 75 77 79 82 84 91 98 101 103 104 108 113 114 124 125 126 127 128 157 163 167 168 172 174 177 179 191 196 197 199 208 214 227 228 232 233 
16 64 705 50
4 9 12 26 31 33 34 44 55 57 60 62 63 68 74 75 84 86 87 90 97 101 102 103 113 115 117 119 121 128 134 142 152 159 163 168 170 172 185 187 188 190 191 195 207 220 225 226 230 236 
17 106 1131 44
2 8 13 14 25 28 30 32 33 39 50 55 57 61 78 83 85 109 114 117 118 119 121 126 130 134 135 138 153 154 157 158 161 167 196 198 200 205 207 218 219 223 234 236 
18 102 963 43
4 9 20 24 25 31 57 60 75 80 84 86 89 100 103 110 114 119 124 127 131 132 135 144 146 150 158 163 169 171 182 185 187 188 198 200 206 209 210 211 226 230 236 
19 67 739 50
10 16 18 20 24 28 32 34 38 42 50 55 59 62 72 75 85 92 101 109 112 116 119 121 130 131 132 133 135 148 149 151 152 155 162 167 170 174 179 181 195 198 199 210 216 219 220 222 223 233 
20 78 705 56
1 2 11 13 15 17 22 26 27 29 30 35 47 48 50 61 69 71 74 75 76 78 81 83 93 99 100 103 107 108 119 128 131 136 139 146 151 169 174 181 191 195 200 205 209 214 215 216 219 221 223 224 228 229 230 238 
21 66 694 46
2 13 21 25 29 37 42 54 57 62 69 71 72 74 77 87 89 90 99 100 103 108 117 123 127 129 134 137 139 144 146 149 156 162 170 179 184 187 193 215 216 218 220 225 228 234 
22 69 1064 57
4 7 11 16 17 20 28 31 45 46 47 53 56 58 59 65 69 78 79 81 87 90 95 99 105 108 113 118 131 137 142 149 154 161 163 164 166 170 174 176 186 187 188 191 193 198 200 207 212 216 217 220 223 228 232 233 238 
23 64 862 43
9 14 28 32 33 38 47 53 55 56 57 58 59 82 90 95 100 101 109 113 119 131 135 142 145 146 151 155 156 157 162 164 169 170 173 186 191 195 210 211 229 230 238 
24 93 907 56
10 12 15 16 26 40 45 46 47 53 54 58 63 68 73 77 81 87 90 91 95 97 108 109 121 122 131 139 143 148 149 150 151 153 155 156 158 162 163 170 180 182 193 198 199 200 201 207 211 212 216 217 221 223 226 234 
25 376 4244 51
5 16 19 24 27 29 37 55 59 66 70 71 74 77 79 82 83 89 92 95 98 109 114 115 119 121 122 123 125 156 169 174 180 183 185 186 188 190 191 192 195 201 205 206 215 216 218 219 221 237 238 
26 63 672 46
10 17 23 26 28 30 36 37 39 43 45 47 50 55 61 68 69 84 87 89 90 93 94 114 119 120 132 134 144 150 162 175 176 178 179 187 188 198 200 203 213 214 224 231 234 235 
27 104 1064 57
3 6 7 12 15 22 28 30 33 34 38 50 58 61 63 69 73 78 80 81 85 86 92 93 102 107 114 115 119 121 140 144 145 153 157 158 163 173 175 185 186 187 198 206 210 216 220 221 222 223 228 229 230 232 236 237 238 
28 114 1075 55
6 8 12 15 19 29 33 37 43 44 50 53 58 61 67 69 70 73 79 83 87 89 95 105 115 122 126 127 131 138 139 140 147 148 149 157 158 160 163 170 179 182 191 196 204 210 217 221 224 228 229 230 233 235 236 
29 64 672 49
4 11 12 16 19 23 24 27 31 39 40 51 57 59 61 77 87 90 93 95 97 101 106 115 129 130 131 132 134 142 143 149 151 157 165 166 168 169 184 187 188 191 199 201 203 213 226 227 237 
30 120 1052 42
12 15 20 24 29 30 38 43 47 50 61 71 85 86 89 91 92 102 105 111 114 116 117 121 131 134 136 151 167 172 173 178 188 191 196 209 218 219 220 222 228 238 
31 60 750 56
4 6 11 13 17 19 24 26 29 31 34 35 38 44 50 51 61 69 73 74 75 77 78 80 86 93 104 117 119 126 127 132 134 142 143 144 146 155 158 159 165 183 186 188 192 195 196 198 207 209 210 224 226 228 234 236 
32 57 929 54
15 22 26 27 28 29 33 38 44 45 56 69 71 72 73 76 78 81 82 83 93 105 112 115 116 120 123 130 132 133 138 140 148 158 164 173 174 177 179 181 184 187 188 195 196 207 210 211 215 223 226 232 235 237 
33 663 4356 41
7 8 14 21 23 32 50 59 70 71 74 95 100 103 106 109 113 119 121 122 124 127 129 130 132 136 142 149 157 159 170 173 174 179 181 186 203 205 207 216 220 
34 78 750 49
7 16 17 24 28 29 30 31 35 36 38 41 43 58 75 77 78 79 84 87 108 115 119 122 123 127 131 137 144 153 161 162 174 179 182 189 190 191 198 200 206 207 218 221 226 229 232 233 235 
35 33 851 51
12 16 18 23 27 30 35 42 46 48 53 54 55 58 59 60 68 72 76 83 90 95 97 136 137 143 148 149 150 151 155 159 161 163 165 169 183 186 189 193 194 209 211 212 217 219 223 226 228 232 236 
36 105 1131 49
10 20 21 24 26 33 34 35 36 39 47 51 56 57 60 61 90 104 106 114 128 129 130 132 134 141 142 145 146 152 154 155 156 164 173 174 175 187 188 191 194 198 203 205 211 216 225 229 238 
37 88 851 45
2 7 8 20 23 47 55 57 80 85 90 93 97 104 112 120 126 128 135 136 137 141 144 148 154 157 160 167 171 177 178 182 187 191 195 205 212 218 220 224 228 230 231 233 236 
38 159 1153 35
4 13 16 23 30 39 44 47 52 71 75 87 92 95 108 113 128 132 137 141 142 143 153 154 157 167 173 178 179 180 184 186 201 207 222 
39 104 985 56
1 6 10 15 17 19 22 25 30 31 34 41 44 58 60 63 69 75 77 80 86 90 103 104 109 114 116 119 125 132 135 137 139 146 150 151 156 164 166 169 185 187 190 197 200 207 210 214 217 219 221 224 226 230 232 236 
40 79 884 48
6 7 11 14 25 41 47 57 61 63 76 77 86 90 95 97 100 103 108 115 117 118 124 128 131 133 134 135 138 144 148 153 157 158 160 163 166 174 181 183 188 196 204 208 214 221 234 237 
41 439 4401 44
6 11 14 17 18 26 28 34 35 40 50 62 63 67 68 83 87 94 95 100 109 112 115 120 122 131 136 148 149 169 181 186 191 199 204 205 211 212 219 221 223 234 236 237 
42 401 3595 46
4 10 13 16 17 26 34 36 38 47 53 57 68 70 72 76 79 84 100 102 114 116 120 124 126 131 135 137 143 146 153 157 158 162 164 168 171 175 181 182 187 188 204 210 213 216 
43 119 929 47
2 3 4 13 14 16 19 28 29 30 38 48 55 56 63 64 68 72 73 75 79 83 87 89 100 105 108 109 124 127 129 143 146 148 149 154 170 174 175 178 193 211 214 216 226 228 234 
44 94 1064 56
4 17 20 22 26 27 28 31 35 40 48 58 72 75 78 79 81 82 83 86 87 90 93 105 107 108 115 116 123 124 127 128 132 142 145 149 152 155 159 166 168 174 175 177 188 191 195 198 210 215 219 220 232 235 236 238 
45 91 1019 38
8 11 19 23 25 28 37 38 39 55 66 80 86 87 89 93 116 118 119 122 125 143 162 174 179 181 183 187 193 196 209 211 212 216 224 231 232 233 
46 117 929 50
5 15 19 21 22 28 37 39 41 45 47 51 55 62 73 79 82 85 104 105 109 110 116 125 128 129 137 139 150 151 158 162 172 180 184 186 187 195 199 207 208 210 212 213 217 219 224 233 235 236 
47 84 851 46
6 10 11 14 16 17 19 22 31 44 52 54 55 66 70 75 83 86 90 93 94 96 97 101 102 132 149 157 160 161 162 177 178 179 180 183 184 188 191 193 196 201 208 211 219 222 
48 66 772 40
6 8 15 21 33 39 67 71 73 79 87 90 100 103 110 117 118 119 131 138 143 147 152 157 158 160 162 166 169 177 178 181 187 210 214 217 223 225 231 233 
49 101 1120 54
16 17 23 29 32 38 48 53 55 58 62 65 77 81 82 85 92 94 99 100 105 120 121 122 127 132 133 135 145 155 157 159 164 174 175 176 184 190 191 192 198 200 204 210 211 212 216 217 219 220 223 233 234 236 
50 67 817 57
7 25 28 35 37 39 44 45 50 51 52 55 56 58 68 75 78 82 83 91 98 100 103 104 107 114 115 116 131 132 134 140 142 148 158 160 167 168 171 173 181 182 185 195 196 197 200 204 205 208 214 217 220 221 228 236 237 
51 76 1030 52
5 9 12 15 19 24 28 30 37 45 50 54 56 68 73 75 78 82 83 89 92 93 95 99 105 115 116 117 123 135 138 140 141 142 148 157 158 163 177 184 191 198 204 208 209 215 217 218 228 232 235 236 
52 54 728 51
4 11 12 16 17 26 31 40 44 51 56 59 60 61 63 67 75 76 85 86 90 95 101 103 108 113 115 118 121 127 134 142 144 146 148 149 151 156 165 177 186 189 192 198 208 209 211 221 234 236 237 
53 118 1153 57
2 4 5 13 18 20 22 23 30 34 36 38 43 45 54 57 59 65 67 68 71 74 89 90 92 100 103 104 108 113 116 119 127 128 132 133 134 136 137 139 143 151 153 156 157 177 186 187 188 190 200 212 217 224 226 231 232 
54 110 1008 58
7 15 19 21 24 26 27 28 29 35 49 50 56 62 66 72 73 79 82 83 86 87 89 91 98 101 106 114 117 119 122 125 127 130 135 139 140 146 149 152 155 157 163 169 173 174 188 193 213 214 218 219 225 228 229 234 235 238 
55 115 1064 53
2 3 6 14 16 32 43 45 53 56 61 70 72 75 77 79 81 86 95 97 99 100 102 103 108 112 114 118 120 126 127 135 138 146 149 158 161 169 171 175 176 178 189 199 202 205 215 218 228 229 230 231 234 
56 85 817 50
3 7 18 19 20 29 38 42 56 57 63 66 69 77 83 90 92 93 94 100 101 103 104 122 124 125 129 135 152 162 165 171 172 176 184 185 196 199 202 203 205 207 210 214 215 216 227 232 233 237 
57 106 985 36
13 23 27 41 48 49 58 72 78 79 82 83 89 99 103 122 123 125 127 128 136 137 139 144 146 149 158 180 182 188 192 206 216 217 218 219 
58 82 851 42
3 7 9 22 28 30 33 41 55 58 61 69 70 73 74 86 99 100 109 110 117 119 120 131 134 137 138 144 156 163 169 187 198 200 209 212 216 217 220 221 223 226 
59 114 1142 44
7 13 24 30 34 39 41 52 54 57 62 72 75 79 81 92 108 109 116 123 124 127 128 129 130 136 137 142 144 149 167 169 173 175 180 182 184 186 187 201 206 216 237 238 
60 84 840 49
5 7 8 11 17 18 20 34 35 39 54 55 72 77 83 85 89 92 102 103 105 113 114 118 121 123 124 125 133 147 153 158 159 164 165 175 178 180 184 187 202 205 218 225 226 229 231 232 233 
61 421 3976 53
2 7 15 23 29 35 38 43 51 53 55 57 63 66 75 79 82 83 90 91 94 95 98 101 103 104 105 113 118 119 125 129 131 134 138 144 145 146 159 161 170 176 180 196 197 203 205 206 208 211 219 220 223 
62 68 806 40
9 23 24 33 37 38 58 62 68 71 73 80 87 90 98 99 101 105 115 117 128 130 133 144 152 153 155 157 159 184 185 186 190 191 192 220 221 222 223 237 
63 75 739 52
11 16 17 20 27 30 31 38 43 47 49 51 61 64 67 69 71 72 74 76 78 79 82 84 87 93 104 105 107 115 126 127 130 131 133 136 137 140 146 147 158 161 166 174 182 188 209 210 219 235 236 238 
64 111 1142 61
2 9 12 16 21 22 27 40 42 43 47 51 52 54 56 70 72 73 81 82 83 85 103 104 111 114 115 117 122 127 133 136 139 140 142 145 146 148 149 158 160 163 173 174 175 176 179 182 191 195 196 204 209 210 215 216 217 228 229 230 235 
65 102 1030 57
15 19 23 26 29 30 34 38 42 50 54 56 68 77 82 87 89 103 105 108 109 113 116 117 122 123 132 139 143 144 150 151 158 159 169 172 180 184 186 188 190 192 196 199 202 207 208 209 213 214 215 219 223 226 227 232 238 
66 352 3908 53
4 9 12 17 24 26 27 28 37 40 47 48 55 63 65 67 68 71 80 83 86 89 90 91 98 100 106 107 121 125 131 132 136 142 144 148 153 157 158 164 169 174 175 181 184 187 199 205 207 210 211 214 237 
67 106 761 45
7 8 12 16 20 26 30 36 42 43 47 50 53 58 67 69 70 71 75 87 89 100 103 105 111 112 114 120 131 141 153 157 158 169 175 187 188 191 196 198 216 224 228 236 237 
68 86 840 64
2 3 5 7 15 18 22 23 25 28 32 34 39 41 45 48 51 55 57 65 68 70 74 75 79 81 82 83 91 96 98 99 103 105 109 111 112 119 120 129 134 135 138 140 141 153 156 158 160 175 183 187 193 197 198 202 207 208 213 214 219 228 232 237 
69 95 1030 42
19 24 27 34 50 54 59 60 68 76 77 83 88 91 93 95 100 108 119 129 130 143 148 151 154 155 165 169 182 188 192 193 196 201 209 213 214 225 226 227 228 232 
70 338 4076 54
4 7 11 12 15 17 21 27 33 35 38 46 53 58 65 66 69 83 86 95 97 105 109 119 120 122 123 128 130 142 145 152 154 164 170 176 181 182 184 187 188 191 194 201 211 212 216 219 221 223 226 228 232 236 
71 62 672 52
1 6 13 14 20 21 27 33 37 41 58 59 61 63 74 77 79 88 91 93 101 102 103 112 115 138 142 146 148 149 150 154 168 169 170 174 176 183 195 198 199 200 203 208 211 217 224 226 231 234 235 237 
72 68 1030 64
2 6 8 12 13 14 19 23 25 28 31 33 34 37 38 50 66 70 73 75 78 83 86 96 97 101 102 103 108 118 132 135 141 142 143 144 145 146 150 156 158 160 161 162 165 171 175 183 187 189 193 197 206 212 213 217 222 224 226 230 231 233 234 237 
73 85 862 54
2 6 9 21 22 28 34 38 39 41 44 51 57 62 63 65 71 80 89 93 104 105 108 110 119 127 131 136 137 138 140 143 144 146 162 169 174 182 187 188 195 198 200 204 206 207 208 209 212 213 216 218 230 236 
74 93 985 48
8 13 14 16 26 28 32 37 38 39 44 45 48 55 57 59 61 69 70 78 83 84 89 94 108 118 120 131 132 134 138 141 154 158 164 173 178 179 187 207 212 213 214 216 218 225 233 235 
75 120 1108 40
8 10 11 13 25 32 36 47 48 84 88 94 103 110 112 118 119 120 137 150 153 157 161 162 167 177 178 179 181 187 188 191 195 196 210 212 213 225 230 233 
76 29 772 51
7 10 14 23 27 29 32 33 37 38 50 53 54 57 60 63 66 68 74 75 76 83 86 87 90 93 95 107 116 118 122 131 134 149 151 154 165 168 174 177 178 181 183 188 192 193 199 203 207 209 216 
77 67 1064 52
10 11 19 20 23 27 33 35 37 44 57 60 61 68 69 75 78 83 93 94 101 102 108 109 124 127 129 136 137 142 146 148 154 158 166 171 176 187 188 192 193 200 216 219 221 224 229 230 231 232 234 238 
78 273 2531 32
3 6 9 15 20 22 52 67 79 80 97 104 110 114 117 121 127 128 131 134 137 147 163 168 172 182 185 197 198 200 220 222 
79 350 3617 42
7 8 9 25 30 33 51 55 57 63 65 67 75 77 78 83 88 103 108 113 118 125 127 146 159 160 161 162 163 171 176 183 185 188 193 199 210 213 217 223 227 233 
80 105 1086 56
3 4 6 10 11 17 26 30 35 38 41 45 46 53 57 69 70 90 94 102 103 108 109 112 113 114 116 119 123 124 135 150 153 158 169 171 172 173 174 175 176 177 184 186 189 192 193 196 208 211 216 218 220 226 230 234 
81 84 896 67
4 5 10 12 15 17 23 26 30 31 36 41 43 46 48 52 54 59 62 68 71 73 78 79 81 86 87 90 94 95 98 99 101 105 108 109 112 119 122 124 125 127 135 137 143 144 146 149 153 154 160 163 170 173 177 178 181 186 192 193 199 206 208 214 217 226 238 
82 85 683 45
3 8 12 29 30 36 37 47 50 69 70 73 75 78 84 86 87 93 101 103 104 105 116 117 120 121 122 129 131 134 155 160 163 171 172 184 187 190 191 202 205 208 209 219 230 
83 88 952 52
5 7 13 19 20 23 32 35 37 41 47 55 57 61 69 77 79 83 97 103 104 109 114 115 118 126 129 131 135 138 146 148 149 158 161 162 163 166 171 176 184 199 201 207 210 213 218 219 228 234 235 238 
84 79 795 50
4 12 14 22 23 24 28 29 30 45 47 50 53 68 70 75 78 87 88 89 91 95 105 109 111 113 118 121 123 161 163 168 170 179 182 183 187 188 191 193 198 205 206 217 220 221 229 232 233 236 
85 71 739 58
4 6 10 11 14 15 21 23 24 26 33 35 38 42 48 54 59 67 73 77 79 85 86 88 93 94 109 112 126 127 136 148 149 153 154 155 156 158 162 165 166 168 169 170 174 176 177 180 183 193 196 198 211 216 226 229 234 235 
86 93 862 45
7 9 20 34 38 44 47 50 53 67 69 71 78 81 87 90 92 100 101 103 105 109 110 111 115 117 119 134 146 151 157 158 169 175 177 187 198 204 218 220 226 229 232 236 238 
87 69 817 46
4 10 12 20 21 23 32 33 35 38 42 43 46 54 55 56 57 68 74 77 90 95 115 116 129 131 132 134 142 154 155 164 166 173 191 192 196 198 203 207 211 216 232 233 235 238 
88 102 952 58
2 9 12 16 26 28 29 30 31 33 40 41 47 52 58 61 64 67 69 77 78 81 82 87 105 111 114 116 117 119 123 127 130 131 139 148 151 158 163 166 169 175 176 177 179 188 190 191 198 205 207 215 221 223 229 232 233 235 
89 95 683 48
6 7 13 16 17 29 41 55 57 63 70 75 99 109 112 114 115 116 118 120 121 123 124 127 131 148 151 152 153 163 164 165 166 173 176 186 196 201 205 207 215 220 226 228 234 235 236 238 
90 108 1097 52
6 12 24 28 29 40 50 51 58 63 68 74 75 76 77 104 107 112 114 117 126 127 128 131 132 133 138 140 142 144 155 157 159 168 174 176 188 191 195 201 204 205 208 210 211 214 215 216 220 226 232 236 
91 78 772 49
2 21 24 25 29 30 34 35 37 40 49 57 64 70 78 79 84 86 87 93 99 100 114 115 122 127 130 140 144 148 149 160 162 163 171 172 182 185 190 191 192 196 214 218 219 222 228 229 235 
92 48 761 50
3 6 11 12 18 20 28 31 48 54 55 68 71 72 78 81 83 87 90 97 99 105 116 119 123 128 144 150 152 157 159 163 164 174 176 179 187 191 200 201 207 210 211 212 216 217 228 233 236 237 
93 77 795 51
4 5 8 14 16 17 20 32 41 47 54 55 62 79 81 83 85 92 95 98 100 102 103 106 108 109 119 124 126 131 135 144 145 151 160 165 168 170 171 174 180 181 183 195 203 204 206 210 213 221 222 
1 632 25709 6 69 421 4416
2 1954 236189 184 52 10496 5796
3 2482 20728 200 72 2160 5704
4 3032 23584 67 120 449 3356
5 4069 21198 169 239 404 3267
6 4069 21198 169 112 404 3267
7 4965 19000 200 72 432 2852
8 6340 15730 17 136 469 816
9 7646 82570 226 109 5796 6832
10 11175 12015 121 17 421 4416
11 11949 287268 7 224 83832 19936
12 12680 224931 73 169 10599 4578
13 12681 15328 17 136 67 272
14 12875 97475 195 70 1625 4380
15 15292 78223 226 109 1449 3416
16 16392 128807 235 196 11512 18420
17 17261 76324 110 17 1608 3328
18 18238 27863 12 120 1403 1072
19 19447 73510 21 11 1432 2425
20 19696 172432 228 174 14820 30174
21 20524 24420 13 210 1622 846
22 20666 127700 39 59 1476 7668
23 21113 166141 4 103 10020 26148
24 22204 203142 179 36 24570 55344
25 22799 136282 171 180 18287 1314
26 23899 213915 7 224 10479 4984
27 24060 160341 203 139 545 7946
28 25355 157923 176 26 433 5959
29 27328 155386 100 24 528 6038
30 28345 124126 110 176 1456 5981
31 28345 124126 110 239 1456 5981
32 28391 849155 78 242 164160 30872
33 28562 153286 79 132 416 4707
34 28890 207738 92 148 17738 12804
35 29470 80812 172 242 1657 2354
36 29470 80812 172 239 1657 2354
37 29470 80812 172 82 1657 2354
38 29861 195809 68 139 12780 24244
39 30523 121953 213 188 1459 5597
40 32056 191365 53 197 1528 7194
41 32785 118734 235 196 1439 4605
42 33194 164931 56 201 5576 7210
43 35109 172121 181 91 1560 5683
44 35119 202650 22 124 10582 3341
45 37561 70101 180 228 363 3553
46 37657 169857 62 28 1511 6042
47 37904 117451 162 47 2730 9633
48 39393 162058 228 174 4446 20116
49 39393 160576 228 174 2964 15087
50 39393 161070 228 174 3458 15087
51 39624 69397 173 207 396 2984
52 39792 166610 79 120 1543 4887
53 39844 205895 103 199 413 10160
54 40033 77201 146 224 1628 2118
55 40033 77201 146 242 1628 2118
56 41908 117436 135 52 18289 1064
57 41908 204842 119 101 367 7924
58 42227 157791 4 103 1670 8716
59 42431 309476 219 194 14560 56160
60 42910 67980 13 148 346 2984
61 43019 190433 74 167 1651 8172
62 43077 202786 179 239 396 8534
63 43077 202786 179 238 396 8534
64 43495 897007 42 82 591864 43056
65 44408 181302 179 36 2730 13836
66 44419 66768 2 33 379 2088
67 44426 200364 117 175 350 7131
68 46772 738446 30 9 73788 15268
69 50738 176738 91 18 458 7420
70 52299 174955 21 226 543 5861
71 52338 223024 132 119 465 6880
72 54127 221509 224 181 467 5091
73 54437 195902 86 241 2734 5336
74 54437 195902 86 242 2734 5336
75 54437 195902 86 131 2734 5336
76 55583 173553 122 75 441 6010
77 56783 703235 78 4 18240 7718
78 56783 703235 78 242 18240 7718
79 57527 171248 12 87 526 5274
80 57734 202682 53 100 448 5779
81 57781 192534 92 241 2534 4268
82 57781 192534 92 148 2534 4268
83 58695 75045 124 90 1640 1836
84 59723 184449 68 139 1420 6061
85 60771 77184 231 240 346 1200
86 60771 77184 231 177 346 1200
87 60871 86012 138 87 6095 219
88 61172 72519 206 7 1611 1906
89 61219 226148 158 134 20640 15064
90 61219 223568 158 134 18060 11298
91 61266 191146 109 95 450 3563
92 61320 188943 218 181 2717 3788
93 61883 98459 138 87 18289 1064
94 62183 182057 231 213 1411 4242
95 62291 186808 71 42 1662 6619
96 63445 76064 184 154 295 1056
97 63797 64487 172 221 346 2984
98 64181 163415 205 19 1403 5030
99 64522 185891 213 188 2517 3371
100 65358 184489 127 57 1634 5965
101 66263 158419 199 38 1955 4388
102 66263 159983 199 38 3519 8776
103 66388 160749 56 201 1394 3605
104 66490 146788 124 206 1492 2144
105 67641 182337 160 39 1645 4633
106 68079 196162 237 177 15378 8358
107 71341 158708 173 41 351 5588
108 71990 117725 57 242 472 4460
109 71990 117725 57 81 472 4460
110 73488 116600 11 206 516 3791
111 74251 701759 64 186 18210 8877
112 75142 154362 192 230 3672 11704
113 75666 683917 34 136 18256 6869
114 75809 115176 162 47 455 3211
115 75929 287287 53 239 85320 8056
116 76670 114281 87 181 499 2691
117 77696 182317 137 184 341 8120
118 78786 158106 228 174 494 5029
119 78946 181173 181 99 472 6496
120 80138 236020 115 42 2750 7130
121 82857 85807 20 112 1476 7668
122 82964 84052 202 119 545 7946
123 83693 232586 200 107 2689 5490
124 84454 156455 4 103 334 4358
125 84862 296996 219 194 2080 18720
126 84862 296996 219 242 2080 18720
127 85543 155877 153 132 477 4073
128 85543 155877 153 240 477 4073
129 86068 200004 87 89 2552 7364
130 86626 229608 71 153 2733 4991
131 86666 180268 119 100 324 6414
132 86990 389695 42 82 84552 14352
133 88748 234050 40 108 3888 16016
134 88816 179027 179 36 455 4612
135 91001 93519 205 34 71 192
136 91001 93519 205 241 71 192
137 91001 93519 205 240 71 192
138 91246 145782 61 177 477 4080
139 92413 143470 235 172 489 3060
140 93400 132986 210 127 460 3549
141 93447 245276 15 39 1562 8112
142 93545 683105 30 9 18447 7634
143 94226 199869 187 73 3249 4460
144 94484 665264 65 219 18223 6020
145 94788 200318 137 127 4707 4228
146 94899 123012 179 31 472 2325
147 96025 241849 44 138 1483 6895
148 96664 217506 45 103 1662 5824
149 96950 223605 140 87 2672 4501
150 97704 276032 144 201 2380 10648
151 97729 218015 172 186 1248 5094
152 97729 218015 172 242 1248 5094
153 97742 101377 177 161 116 239
154 97848 239699 25 58 1545 6165
155 98386 256278 44 175 2616 15964
156 99236 215056 28 187 1447 4600
157 99768 100710 6 90 472 4460
158 100168 234122 2 30 1466 6205
159 100509 203957 83 75 832 868
160 102176 207155 85 192 715 376
161 103787 267203 216 95 13563 13632
162 103787 267203 216 242 13563 13632
163 103987 273805 69 61 12504 12600
164 105271 108091 197 23 1411 4242
165 108717 112039 163 193 1662 6619
166 108717 112039 163 239 1662 6619
167 110405 209407 168 92 1645 4717
168 112488 663616 137 119 18193 7012
169 113492 646001 190 127 18239 4945
170 113653 207133 156 178 1430 3910
171 114267 117605 183 242 1670 8716
172 114267 117605 183 94 1670 8716
173 114367 135563 221 26 10599 4578
174 115720 121812 118 129 97 194
175 115720 121812 118 242 97 194
176 116060 216356 219 172 1628 9238
177 117225 251864 35 27 1523 7440
178 117666 118608 235 121 472 6496
179 118076 213844 158 171 1404 7852
180 119095 249620 159 180 1582 5356
181 119407 211616 186 38 2684 4185
182 120581 164434 200 240 4830 1632
183 120581 164434 200 159 4830 1632
184 121288 247264 108 98 1506 5728
185 121308 241913 203 160 9249 3504
186 122439 208088 158 134 2580 3766
187 123841 139661 156 242 470 1971
188 123841 139661 156 134 470 1971
189 123841 139661 156 242 470 1971
190 123934 245437 193 173 1565 4713
191 124807 163753 220 99 519 1813
192 125825 211669 25 218 1611 7298
193 125859 137621 226 38 394 1438
194 126007 159142 19 116 4987 1256
195 126148 358274 21 222 7210 5796
196 127977 265439 86 182 1672 5300
197 129101 129999 180 51 450 3563
198 129217 209064 217 125 1387 6360
199 129353 136440 4 23 453 1734
200 130349 163090 117 27 408 2926
201 130444 135165 132 233 377 1251
202 130607 263376 210 218 1654 4346
203 131331 153487 183 20 4813 1370
204 131470 162436 26 175 443 2633
205 131471 132151 163 126 341 8120
206 131508 156859 108 175 547 1340
207 131616 231570 208 241 9497 2838
208 131616 231570 208 241 9497 2838
209 131616 231570 208 102 9497 2838
210 131753 644820 233 33 18430 6107
211 132449 202405 102 154 2667 3557
212 132527 156855 199 38 391 2194
213 132916 255365 216 122 1655 3710
214 132980 145669 124 206 373 1072
215 133716 350659 105 240 7271 5216
216 133716 350659 105 87 7271 5216
217 135011 161289 46 83 529 1522
218 135058 253201 204 109 1637 3781
219 135874 153257 125 32 426 1922
220 136021 157950 191 205 502 1468
221 136159 183347 237 177 2563 2786
222 136501 157697 26 140 10599 4578
223 137983 147641 199 228 4830 1632
224 141420 221412 149 31 9232 2663
225 150284 151098 192 230 408 2926
226 150586 286538 140 121 1551 10150
227 151556 255378 210 192 374 8856
228 151859 211447 53 239 9480 2014
229 151859 211447 53 239 9480 2014
230 151859 211447 53 11 9480 2014
231 153091 254483 51 144 552 7970
232 153115 284088 14 8 1530 8627
233 153142 342602 72 139 7193 4868
234 153984 246370 73 108 357 6464
235 155205 243016 187 174 535 7173
236 157420 286296 50 197 402 8322
237 160499 332357 133 215 7254 4224
238 160825 281832 143 228 1534 9135
239 162747 166527 40 103 202 184
240 162747 166527 40 239 202 184
241 162848 181344 193 33 9249 3504
242 163883 280023 181 51 1513 6297
243 168338 285268 25 232 284 7323
244 168406 297769 83 66 536 12000
245 169449 201262 72 110 391 2392
246 169524 275578 212 77 385 6740
247 169724 295436 219 194 520 9360
248 170996 266055 57 48 306 6188
249 172136 197771 87 89 319 1841
250 172141 274343 213 138 267 5492
251 172749 175521 230 225 1387 6360
252 173316 285301 39 35 519 9000
253 173981 315712 42 82 10569 3588
254 175347 282019 59 196 503 7300
255 176653 219644 119 6 2697 1698
256 176653 219644 119 239 2697 1698
257 177497 230594 40 108 432 4004
258 177497 230594 40 240 432 4004
259 178417 375988 214 93 2666 7425
260 180402 183366 119 186 1483 6895
261 180684 279615 75 6 371 9146
262 181937 316622 62 193 451 8619
263 182089 256499 203 199 507 4702
264 182203 372651 90 210 2585 6237
265 182935 186057 238 221 1562 8112
266 183055 190221 134 157 374 2033
267 183233 314705 104 116 322 7067
268 183304 198002 80 16 1641 852
269 184276 259564 94 15 344 4485
270 185367 369648 25 240 2649 6162
271 185367 369648 25 63 2649 6162
272 185388 246330 145 215 289 4455
273 185497 304592 57 61 10531 3157
274 185506 199163 28 120 540 1449
275 185587 229130 95 89 329 3443
276 186389 244992 32 152 490 3573
277 186454 190365 167 26 1449 715
278 186536 257228 187 105 320 3363
279 186536 257228 187 241 320 3363
280 186536 257228 187 241 320 3363
281 186536 257228 187 241 320 3363
282 186650 313574 120 242 434 7670
283 186650 313574 120 39 434 7670
284 187500 200240 169 152 2620 1392
285 188452 196981 187 73 361 1115
286 188755 361466 163 125 2568 4740
287 189577 196134 137 127 523 1057
288 191144 280907 6 109 369 3598
289 191212 277626 135 7 493 7499
290 192044 572230 213 60 10404 8500
291 192044 572230 213 240 10404 8500
292 192964 262030 36 43 318 2554
293 193376 227236 115 123 415 3523
294 193391 276488 228 107 354 7591
295 194122 284326 159 88 1580 3842
296 194395 260562 34 161 352 2698
297 195073 196151 128 127 540 1449
298 195408 274128 144 201 476 5324
299 195459 217079 172 186 312 2547
300 196382 197244 172 6 432 4004
301 196772 253989 44 175 327 3991
302 196811 293507 210 207 10552 3193
303 197944 312268 47 90 305 5088
304 198538 252832 71 242 303 2454
305 198538 252832 71 240 303 2454
306 198538 252832 71 72 303 2454
307 199833 513100 134 226 10502 7420
308 201018 203229 83 75 104 217
309 201268 267725 86 48 1634 4256
310 203026 205446 170 242 29 214
311 203026 205446 170 24 29 214
312 203163 561209 8 174 10524 6970
313 203214 264427 15 3 1524 3830
314 203214 264427 15 239 1524 3830
315 204009 207137 62 236 1565 4713
316 204152 206948 85 192 157 176
317 204153 259324 123 184 301 2298
318 204353 206583 85 192 143 188
319 205504 281793 103 170 1416 3073
320 205611 258740 228 191 1617 3787
321 207574 255147 216 95 1507 3408
322 207974 262864 69 239 1563 3150
323 207974 262864 69 61 1563 3150
324 207988 282253 62 119 10514 2336
325 210256 260659 208 219 1399 2335
326 211149 501688 184 164 10431 6232
327 213079 213941 23 57 432 4004
328 213096 213924 23 57 415 3523
329 214480 549797 7 55 10387 5950
330 220092 328348 30 226 474 8942
331 222548 490331 3 95 10485 6084
332 222566 473465 164 140 9320 7050
333 224434 361969 218 209 5020 5000
334 225449 538438 163 77 10507 5576
335 225860 325545 131 130 360 6617
336 226344 229652 114 212 1655 3710
337 227666 324738 61 161 457 6795
338 229001 321130 111 11 343 4962
339 230349 355815 85 165 4762 4350
340 232129 463604 20 58 9324 6133
341 233414 479307 89 207 10414 5110
342 233414 479307 89 242 10414 5110
343 233414 479307 89 240 10414 5110
344 235482 348316 163 75 5003 3950
345 238946 249241 188 73 70 269
346 239612 253996 195 117 7193 4868
347 241556 342299 74 19 4745 3045
348 242370 453447 236 68 9303 6063
349 243077 246123 23 135 1524 3830
350 248985 249585 188 73 301 2298
351 252825 443502 105 18 9307 4354
352 313817 332421 72 223 9303 6063
353 337943 349746 214 126 612 250
89 250
1 79 685 42
7 14 16 28 44 50 58 59 68 69 72 81 82 83 85 96 98 105 123 126 134 136 137 143 147 150 155 159 162 176 177 180 181 188 189 192 193 194 198 199 203 208 
2 53 595 51
5 15 20 22 24 30 32 33 37 46 50 52 53 55 56 62 65 69 70 75 76 80 91 93 95 96 98 100 101 107 112 124 129 139 144 147 154 156 158 161 162 171 174 177 182 185 187 190 200 202 209 
3 239 2742 59
1 2 8 10 17 20 27 29 33 34 36 38 49 55 56 62 63 66 71 72 78 79 83 84 86 90 92 96 98 100 101 104 105 111 112 116 117 124 128 131 136 137 144 146 148 149 156 158 170 175 180 182 188 191 194 198 200 206 207 
4 240 2940 43
8 10 14 18 22 23 27 28 33 34 40 45 51 54 57 66 89 90 95 103 117 127 133 135 138 142 143 144 145 148 156 157 158 159 170 176 177 188 194 202 204 206 207 
5 169 2633 40
2 10 16 17 20 22 23 31 34 42 45 48 52 62 87 91 96 97 98 106 118 124 126 130 133 140 143 149 150 157 160 163 164 169 171 176 190 191 207 209 
6 54 568 46
2 4 8 10 14 17 19 25 33 34 38 40 45 48 53 60 63 71 76 82 86 87 89 97 107 109 113 124 130 136 140 141 144 145 147 155 163 164 171 174 178 186 190 191 199 207 
7 51 739 55
1 3 7 8 16 19 22 28 32 34 36 37 42 44 57 58 59 62 64 70 72 73 76 80 85 86 87 88 94 100 102 105 107 118 120 123 127 129 138 146 147 151 154 155 162 169 171 172 179 189 193 196 200 204 208 
8 29 550 34
11 12 14 17 25 31 41 45 53 58 61 68 76 94 111 113 115 123 124 126 128 130 133 134 138 154 156 166 167 170 172 178 186 189 
9 76 920 44
9 12 14 22 23 31 37 38 46 47 57 58 66 67 72 80 84 86 90 95 96 103 106 109 117 118 123 128 130 133 138 147 151 164 167 169 172 177 188 191 194 199 200 206 
10 45 577 41
5 10 12 20 24 26 28 29 32 36 39 51 53 58 82 86 90 94 96 100 103 105 108 139 142 143 145 152 153 157 159 160 163 168 170 173 184 189 196 200 206 
11 144 2164 46
1 2 6 9 11 20 35 37 41 45 48 50 58 59 60 68 72 73 74 78 79 80 81 85 88 90 94 96 98 102 104 107 119 136 138 140 152 153 172 178 184 188 195 199 201 206 
12 63 613 45
2 5 6 8 10 30 33 43 45 47 54 58 62 80 87 89 90 92 96 99 104 106 108 113 117 133 136 138 139 140 142 148 158 162 165 168 175 179 180 181 185 194 200 206 207 
13 75 947 43
4 6 12 21 33 34 45 51 53 55 62 68 69 70 81 85 90 94 101 102 117 118 122 124 130 131 133 141 143 144 153 159 162 171 179 182 188 189 195 202 204 205 209 
14 49 640 57
1 2 6 14 17 20 28 31 36 43 45 46 47 50 53 54 58 60 61 65 68 78 80 81 82 85 89 94 98 99 104 113 115 118 119 126 128 136 139 142 152 153 156 161 162 163 168 171 172 175 180 181 190 197 199 206 207 
15 67 874 48
1 2 3 4 9 11 14 26 29 30 31 34 36 46 48 60 61 65 68 74 76 78 79 85 88 91 101 107 109 115 116 119 122 128 136 149 160 163 166 180 181 188 190 193 195 197 199 206 
16 51 613 57
1 9 14 16 20 21 27 29 30 43 45 47 48 49 52 53 54 57 58 59 64 67 68 70 72 76 83 85 91 94 105 116 118 119 124 129 133 138 139 148 151 155 160 162 166 167 186 193 194 195 197 198 199 201 203 206 208 
17 61 631 41
7 11 13 23 24 33 37 41 42 43 50 53 56 57 58 72 80 88 89 95 96 100 101 104 108 109 113 116 118 133 145 148 149 164 173 188 193 194 196 199 209 
18 160 2011 47
4 6 9 21 31 34 37 41 43 49 51 61 68 69 73 77 78 79 82 85 92 96 100 108 109 117 119 127 144 145 147 148 153 159 160 165 170 172 180 190 191 193 199 202 204 206 209 
19 56 730 59
1 4 5 8 10 14 17 22 25 29 30 33 36 39 45 49 52 55 60 61 69 75 77 80 81 83 84 86 90 98 100 112 113 114 121 124 126 133 138 146 147 153 158 159 161 165 166 170 171 178 179 180 182 189 191 194 195 203 206 
20 52 712 40
6 8 13 17 19 33 36 38 40 41 51 56 67 68 69 71 73 81 85 89 96 99 113 115 118 122 124 125 127 130 132 144 147 150 151 155 161 187 188 201 
21 53 757 45
3 7 19 24 32 34 36 41 42 44 45 66 67 69 71 73 76 87 88 97 102 105 106 117 118 119 120 123 128 133 134 136 143 145 146 152 162 169 176 181 189 195 197 208 209 
22 42 541 53
2 8 14 15 16 20 29 37 38 47 49 50 51 52 53 54 62 63 70 78 82 83 85 87 94 97 98 101 105 106 108 109 113 116 124 126 133 138 139 140 150 151 178 180 181 186 190 194 195 199 200 201 204 
23 61 685 49
8 9 21 24 26 31 36 39 47 48 53 62 68 82 85 94 95 96 97 107 110 112 113 122 123 125 129 134 135 139 140 141 145 147 148 149 152 154 158 159 178 185 187 192 197 201 202 204 205 
24 60 649 49
4 5 20 22 30 31 33 39 40 42 47 61 62 70 71 72 75 79 81 85 88 89 95 96 101 102 103 105 106 107 108 109 113 122 123 130 139 159 163 169 172 176 188 190 194 195 199 208 209 
25 74 865 53
17 22 25 32 35 40 42 44 45 48 53 56 57 59 60 61 66 68 69 76 80 82 95 96 97 101 105 106 109 110 112 113 114 118 120 122 132 139 147 150 152 153 158 159 171 172 173 177 178 185 198 205 208 
26 80 938 72
1 2 3 9 11 13 14 16 17 20 24 25 27 28 35 42 43 44 45 47 50 52 57 59 64 66 67 68 72 73 76 78 81 83 91 96 97 100 102 104 105 112 113 118 121 129 132 133 136 139 142 150 152 155 158 159 160 162 172 173 176 177 179 180 181 185 186 190 192 199 207 209 
27 117 856 39
11 13 17 20 30 35 42 43 49 53 54 65 68 69 70 72 76 79 82 91 94 95 97 100 105 108 109 110 118 125 132 171 172 176 180 185 196 207 209 
28 55 712 49
4 6 12 13 21 37 46 47 56 57 58 70 72 74 76 77 78 80 81 84 88 94 96 100 104 105 106 108 110 117 123 124 133 137 140 145 147 148 149 158 161 162 164 175 193 201 203 206 208 
29 79 586 44
3 5 11 13 25 43 45 49 51 54 59 62 64 67 70 78 82 83 89 91 96 97 100 103 105 108 110 112 113 116 118 122 123 132 136 141 142 147 148 160 174 176 185 207 
30 58 811 45
3 4 8 9 10 14 21 29 32 41 45 55 59 60 64 65 67 68 69 70 74 77 79 91 106 108 112 113 114 115 120 124 128 129 144 152 157 170 172 185 195 200 206 208 209 
31 70 775 59
1 2 3 9 14 21 28 30 36 37 41 48 49 50 52 59 60 62 63 73 74 76 78 80 81 82 87 91 104 105 109 113 119 129 133 138 139 145 147 150 160 161 166 167 176 177 178 179 180 181 182 185 186 189 190 199 200 206 207 
32 70 793 42
10 12 22 25 33 35 43 44 49 58 59 61 62 63 69 75 82 91 94 103 106 108 122 125 130 138 153 158 162 169 173 176 177 187 188 195 196 200 204 207 208 209 
33 182 2345 42
3 7 9 10 11 18 19 24 25 33 34 41 42 45 48 51 53 59 68 85 87 90 95 115 117 122 124 127 133 144 145 151 162 164 170 171 176 193 194 195 202 209 
34 85 775 57
1 9 16 19 20 26 29 30 31 32 41 42 45 50 51 53 54 61 62 65 70 71 73 80 82 85 87 89 94 98 101 104 105 107 113 114 117 123 125 126 128 129 144 146 150 162 166 170 171 172 177 183 186 190 195 201 209 
35 44 595 58
1 6 8 10 11 17 21 27 28 35 37 43 45 47 51 53 54 55 56 58 61 66 67 69 70 73 76 79 80 82 91 92 98 101 105 108 112 114 120 121 125 129 138 145 157 161 162 170 183 193 194 197 198 199 203 204 207 209 
36 59 820 45
9 17 22 23 25 26 36 38 40 46 47 50 53 54 58 60 67 68 69 73 74 76 81 93 95 113 115 117 118 124 126 128 138 147 153 154 161 167 170 190 191 194 196 206 207 
37 63 856 49
5 8 10 11 15 18 20 21 24 43 51 53 54 58 62 63 67 69 75 76 77 80 83 85 90 98 100 105 109 121 126 132 139 143 147 153 158 159 171 177 180 181 182 183 185 194 198 203 209 
38 68 892 42
1 11 20 22 33 45 47 52 53 56 59 69 70 75 80 87 88 91 93 100 105 116 118 124 129 136 150 152 154 155 156 158 167 173 180 187 189 194 197 200 204 205 
39 50 559 46
2 8 13 17 31 34 41 43 51 56 63 66 71 75 82 86 90 93 99 105 106 107 108 111 112 113 128 135 142 144 151 154 155 156 159 163 170 175 176 187 188 198 200 205 206 208 
40 44 586 50
1 5 8 10 15 17 18 21 24 27 30 32 34 36 37 44 46 49 54 56 58 62 63 65 73 80 81 86 87 88 93 94 95 104 118 119 127 132 136 154 155 169 172 187 190 197 198 200 204 208 
41 58 694 49
1 10 11 13 14 18 20 37 42 45 46 49 50 52 53 55 57 58 62 68 73 75 79 86 89 93 95 96 100 104 107 109 110 112 119 120 139 144 152 153 170 171 173 174 185 190 200 206 209 
42 72 847 52
5 8 17 18 21 28 29 34 35 37 43 47 49 52 56 58 59 63 65 67 69 76 77 79 90 96 98 99 108 109 112 120 125 127 129 136 140 143 147 152 157 161 162 165 173 181 185 200 201 202 204 206 
43 62 766 26
11 18 27 33 34 35 36 43 51 65 84 106 136 138 139 143 151 160 163 168 170 172 181 189 199 200 
44 42 550 49
5 8 14 15 17 23 27 28 32 45 51 53 54 67 69 82 86 89 99 100 104 106 109 114 115 120 126 127 129 135 136 138 139 140 142 156 158 160 161 163 171 172 173 194 195 198 202 206 209 
45 69 766 28
9 10 22 33 35 39 41 45 55 58 98 109 126 136 142 143 152 158 162 163 164 169 176 177 182 189 195 209 
46 66 784 38
8 9 13 17 23 26 51 53 54 57 67 68 70 77 85 86 89 90 93 96 105 107 126 132 133 141 150 152 153 154 163 170 173 176 189 190 204 207 
47 69 820 43
3 4 7 11 16 22 25 34 39 40 45 51 52 53 62 63 73 76 87 88 89 94 109 115 117 118 122 124 127 133 138 143 151 157 160 162 177 179 187 193 195 199 200 
48 469 3517 54
2 4 7 11 17 19 20 26 28 30 31 32 33 45 46 54 60 76 79 80 82 87 88 96 99 106 112 113 116 119 122 124 126 128 133 139 142 148 149 153 158 161 162 166 171 172 175 177 180 185 197 199 201 208 
49 54 793 42
2 10 30 34 35 37 38 43 45 51 54 58 64 72 84 87 90 96 100 103 108 109 117 119 121 124 135 139 140 144 153 158 164 169 176 180 184 189 191 194 199 204 
50 59 730 54
1 7 8 10 11 14 16 17 22 28 32 34 45 50 52 54 55 62 64 70 73 75 81 82 85 86 89 100 107 108 113 115 117 126 128 129 132 133 135 136 144 163 172 173 177 184 186 192 193 194 195 197 198 207 
51 76 838 58
5 8 9 10 11 16 19 20 28 29 31 32 41 42 52 53 54 55 56 59 64 70 72 81 82 87 88 89 94 95 100 102 104 107 123 127 128 129 133 146 153 154 156 158 162 165 166 167 169 177 179 186 189 190 195 197 204 207 
52 57 757 43
2 15 20 27 30 40 54 56 59 64 69 79 81 82 97 100 101 106 110 111 112 119 122 137 139 140 146 147 150 152 155 159 170 176 178 186 190 191 196 201 206 207 208 
53 41 568 53
4 9 10 11 12 14 16 23 25 30 33 34 40 45 46 56 61 64 65 74 75 76 80 84 87 89 93 94 96 97 109 117 118 119 121 123 124 128 135 136 137 138 142 147 158 163 166 172 176 177 180 190 191 
54 59 757 45
8 9 16 19 23 25 31 33 34 39 45 48 53 59 60 61 68 76 85 87 89 95 96 97 112 113 117 122 123 130 136 140 141 142 145 152 162 163 178 180 189 191 198 206 209 
55 59 631 58
2 7 13 15 18 19 32 35 50 52 53 54 57 58 59 62 64 65 69 71 72 76 91 104 105 106 108 112 124 125 126 129 132 140 143 144 150 152 153 158 162 163 165 167 171 172 180 183 186 189 193 197 200 203 204 207 208 209 
56 43 595 48
2 5 8 12 13 14 15 16 20 23 32 36 40 51 53 54 56 70 72 73 85 89 90 96 125 127 133 143 144 147 148 151 154 156 159 161 169 170 176 189 190 191 195 196 199 201 202 204 
57 77 685 37
8 9 16 26 32 35 41 45 47 48 49 55 56 59 62 82 97 103 105 109 110 123 136 141 144 145 153 164 167 176 180 185 186 197 202 205 209 
58 63 712 40
2 3 6 8 24 25 31 41 45 47 48 51 52 62 63 64 76 79 82 83 87 96 97 109 116 125 134 135 136 137 141 143 152 182 184 186 190 192 197 209 
59 56 631 51
1 5 9 11 23 28 32 37 41 48 52 54 56 59 60 61 77 78 79 88 101 104 113 115 117 119 128 130 131 136 139 143 144 146 147 149 150 152 155 161 168 172 176 181 186 188 190 200 206 208 209 
60 97 775 38
5 6 15 16 20 32 41 50 63 71 72 82 85 86 93 94 96 103 105 107 115 125 127 128 141 147 150 159 161 164 170 180 186 189 198 200 204 207 
61 106 856 58
6 10 11 15 20 22 25 27 33 40 42 45 48 49 52 53 56 62 63 67 69 70 75 76 82 88 91 94 95 96 98 100 105 106 114 116 119 123 124 130 132 139 143 147 150 151 162 172 178 180 181 182 187 194 200 205 206 208 
62 85 748 63
1 5 7 11 15 16 17 20 24 26 28 30 34 37 45 52 56 58 64 70 76 80 81 82 83 94 98 100 102 104 105 106 107 109 128 132 135 140 142 150 153 154 158 160 161 162 163 169 170 171 179 180 182 184 185 186 188 194 198 200 201 204 206 
63 154 2038 37
7 13 22 24 29 37 41 47 52 56 59 60 65 94 108 111 118 122 124 131 134 140 143 147 149 155 158 159 163 166 167 175 176 184 186 200 209 
64 51 586 40
4 6 16 18 19 26 32 34 44 45 47 49 50 51 53 56 57 59 69 75 82 91 94 96 100 103 107 110 113 123 124 141 143 156 162 171 177 190 205 209 
65 335 2453 51
2 6 8 36 42 44 45 47 50 53 60 62 63 67 68 71 72 73 83 85 87 97 98 102 117 124 129 133 134 136 139 140 143 145 147 149 154 159 177 178 180 181 182 186 188 195 196 197 201 207 209 
66 71 739 51
1 3 9 15 16 18 20 27 36 37 48 54 59 62 63 72 78 83 87 91 94 97 102 106 112 116 124 132 133 134 135 136 143 145 148 152 158 159 163 167 173 178 180 181 182 192 194 198 199 200 209 
67 106 911 49
1 2 5 8 9 11 12 25 27 34 37 43 45 47 56 65 71 72 79 86 90 94 98 99 101 105 106 113 115 117 119 121 124 130 135 138 140 146 150 155 168 170 181 188 190 191 196 206 209 
68 58 793 47
4 7 12 22 24 28 29 31 37 48 52 57 70 71 72 76 77 78 80 101 104 105 108 109 111 113 117 122 123 131 144 145 146 147 150 156 158 172 173 178 181 184 188 201 206 208 209 
69 60 676 43
1 6 14 17 21 22 34 47 48 53 54 56 61 67 68 73 80 81 87 89 96 100 102 105 108 114 118 123 124 126 130 132 136 138 143 150 152 158 171 173 179 193 196 
70 55 640 40
1 6 8 13 20 22 27 29 30 43 45 47 60 66 68 79 90 94 99 104 108 122 131 133 137 147 153 155 161 175 179 180 189 194 195 203 205 206 207 209 
71 75 874 41
7 23 25 29 30 32 36 39 43 52 53 56 69 74 77 78 80 81 84 86 88 89 90 95 100 101 106 114 116 120 142 146 161 166 187 189 190 194 203 205 208 
72 139 2787 45
5 7 11 12 17 20 22 23 25 36 38 40 54 69 76 77 83 89 90 98 108 111 122 124 131 134 135 136 137 138 139 145 147 152 154 156 159 161 166 170 175 178 189 201 207 
73 110 938 43
3 7 19 24 28 32 36 42 56 57 59 61 62 69 70 72 73 78 80 82 91 94 97 106 108 119 120 123 124 151 158 167 169 181 183 187 189 192 193 195 199 204 209 
74 87 838 44
2 10 13 20 27 29 38 42 43 45 46 47 49 54 56 60 61 63 65 75 99 101 104 106 108 115 126 128 131 137 144 146 148 159 165 167 170 171 179 194 195 198 206 207 
75 50 622 48
7 9 11 13 17 26 31 32 36 39 50 53 59 60 63 69 75 89 90 91 100 101 136 139 140 142 144 146 150 151 153 154 158 166 170 171 172 175 176 178 186 189 190 191 194 196 205 206 
76 70 911 54
1 4 5 13 14 17 20 29 30 36 42 43 46 47 49 50 53 59 61 68 71 72 74 75 77 80 81 85 88 98 102 106 112 113 118 119 126 138 139 140 148 149 156 158 165 167 168 175 180 188 189 197 200 206 
77 54 676 42
5 19 21 26 28 36 41 43 45 52 60 76 79 83 87 88 89 94 95 116 118 128 132 134 136 137 140 141 142 147 155 160 180 181 184 187 194 197 198 207 208 209 
78 42 550 54
1 7 9 10 19 20 29 31 35 37 41 46 47 61 64 73 76 79 80 85 91 92 94 100 101 105 109 112 113 114 117 119 121 122 124 126 127 130 148 162 166 175 177 178 180 181 184 190 191 197 200 204 206 207 
79 58 721 30
2 10 23 24 31 33 50 56 66 67 71 72 86 95 101 110 113 116 118 123 128 140 142 144 162 164 178 186 200 206 
80 55 694 36
2 4 10 33 37 42 52 57 58 61 67 71 88 95 108 109 116 117 119 133 136 147 150 152 156 161 166 167 171 172 186 194 196 200 206 209 
81 52 550 47
7 8 11 19 20 22 27 30 32 35 37 45 47 50 52 59 61 69 72 76 77 80 85 87 91 95 98 100 106 108 114 115 124 126 133 134 135 150 153 158 166 167 171 189 193 194 204 
82 183 2480 43
2 4 5 8 21 27 45 46 47 53 60 65 66 72 83 86 95 105 106 111 116 120 121 122 124 128 133 136 140 144 147 155 158 161 164 166 186 187 190 195 200 207 209 
83 71 911 39
5 11 24 25 31 32 37 40 47 51 54 57 61 63 66 75 83 99 108 116 118 119 121 128 134 138 139 141 144 146 147 150 151 152 156 163 171 172 186 
84 91 694 39
5 9 10 16 23 25 32 39 41 48 53 54 73 75 81 89 97 98 110 118 119 122 123 128 135 137 139 142 145 147 152 158 159 167 171 176 190 191 204 
85 63 865 49
1 3 11 20 24 28 29 32 33 35 37 42 44 45 46 49 52 56 57 59 61 69 73 76 79 89 100 105 118 119 122 129 132 139 142 150 155 160 161 171 180 181 185 189 190 194 195 198 202 
86 71 766 42
3 5 6 9 16 19 31 36 39 49 55 57 65 67 68 71 75 79 82 89 95 96 103 105 107 113 122 123 130 139 140 143 144 152 153 156 158 163 164 174 185 209 
87 36 622 34
6 8 14 18 39 51 62 68 69 71 82 87 91 97 106 112 122 124 130 140 145 149 150 164 170 187 188 189 192 194 198 199 207 209 
88 57 920 41
12 15 30 34 40 41 45 63 64 66 72 75 77 79 83 90 93 94 98 101 107 108 117 118 122 128 131 136 146 147 150 151 154 158 159 163 187 194 196 198 207 
89 70 911 31
4 8 9 13 32 38 50 53 61 77 81 82 93 99 106 109 118 122 124 127 128 130 145 147 163 170 180 189 192 206 209 
1 599 31274 145 83 367 2673
2 659 31630 32 66 1268 4436
3 1318 30679 32 66 317 2218
4 1538 27739 101 85 430 3058
5 2758 723410 148 161 591948 421920
6 3928 110048 64 37 1315 7098
7 5274 114368 34 204 7614 15756
8 5274 118175 34 204 11421 21008
9 5516 197234 148 161 65772 105480
10 5516 197234 148 213 65772 105480
11 5652 75443 205 8 305 8004
12 5652 75443 205 213 305 8004
13 7743 71196 206 87 300 5762
14 7743 71196 206 211 300 5762
15 8229 173050 107 171 110201 20655
16 8639 182965 47 210 2137 8200
17 8639 182965 47 210 2137 8200
18 8639 182965 47 61 2137 8200
19 8720 553241 114 66 457974 21540
20 9642 27120 178 29 302 2599
21 10549 108023 34 204 1269 5252
22 10567 99832 41 210 343 4320
23 10567 99832 41 159 343 4320
24 10567 99832 41 211 343 4320
25 11033 142424 148 161 10962 35160
26 11289 368727 152 141 8374 7917
27 11312 12336 8 131 66 243
28 12144 59481 24 129 256 4680
29 12256 13228 124 104 70 246
30 12927 86632 30 95 451 9894
31 14095 116324 65 10 1213 9021
32 14127 114908 181 31 10728 20652
33 14127 114908 181 212 10728 20652
34 14127 114908 181 31 10728 20652
35 14433 15165 131 113 367 2673
36 14732 75572 190 213 4059 11720
37 14948 84648 29 78 381 3196
38 15672 140146 119 213 10696 25312
39 15884 85504 194 206 371 8508
40 15912 114336 8 48 1266 6585
41 15912 114336 8 213 1266 6585
42 16458 78592 107 171 15743 6885
43 16514 151238 166 169 8481 3660
44 16874 58635 140 190 260 3744
45 17440 146153 114 66 50886 5385
46 17528 180554 172 190 2210 7380
47 19293 196466 156 213 2071 8502
48 19293 196466 156 81 2071 8502
49 20176 359864 4 210 8516 6333
50 20176 359864 4 150 8516 6333
51 21360 59267 99 123 228 3666
52 22067 132680 148 161 1218 8790
53 22168 193788 38 68 2115 6801
54 22241 50382 180 139 382 3116
55 23799 312505 61 46 53880 48270
56 23799 312505 61 212 53880 48270
57 23799 312505 61 210 53880 48270
58 24613 161512 73 44 1416 14228
59 24679 266034 130 56 7455 6356
60 25319 25927 81 126 305 8004
61 25483 112916 204 96 8549 2088
62 25650 142521 77 154 8486 2745
63 25828 62823 153 6 2810 572
64 26748 108056 5 210 1234 6885
65 26748 108056 5 210 1234 6885
66 26748 108056 5 186 1234 6885
67 27348 41313 23 119 398 1944
68 28198 39526 89 76 369 1419
69 28255 105372 181 212 1192 5163
70 28255 105372 181 31 1192 5163
71 28486 80348 192 85 2105 2700
72 29465 71964 190 213 451 2930
73 29465 71964 190 208 451 2930
74 30051 30659 197 14 305 8004
75 30473 119730 76 199 10184 18564
76 30981 146826 195 212 5750 11880
77 31262 56683 70 123 409 2168
78 31344 130787 119 176 1337 6328
79 31344 130787 119 213 1337 6328
80 32041 155833 13 212 1264 8229
81 32041 155833 13 116 1264 8229
82 32041 155833 13 210 1264 8229
83 32916 65098 107 171 2249 2295
84 33632 171727 201 150 36000 43338
85 34505 153956 203 88 1199 7406
86 34880 103748 114 66 8481 1795
87 35126 35862 145 160 369 1419
88 36350 187221 140 146 33504 4434
89 36623 56906 199 167 392 2847
90 37223 80955 16 152 996 2106
91 37400 39346 204 28 21 276
92 37400 39346 204 211 21 276
93 37400 39346 204 211 21 276
94 37441 222527 18 195 71442 125892
95 37620 54643 116 103 265 2249
96 39325 41810 82 142 21 276
97 39947 178780 181 91 67230 3472
98 40034 257880 180 117 7641 4957
99 40069 40579 35 9 256 4680
100 42737 107894 41 24 1159 5560
101 43766 63107 181 114 2135 1266
102 44432 198711 204 39 10584 41964
103 44432 198711 204 39 10584 41964
104 44651 534734 170 54 14693 8192
105 46290 277687 83 53 14658 27120
106 46391 238172 155 209 4006 10188
107 46413 60481 17 173 2083 962
108 47367 161129 64 17 300 9240
109 47554 172059 172 196 69003 3088
110 47599 267605 61 213 8980 16090
111 47599 267605 61 46 8980 16090
112 48352 84949 183 136 442 2618
113 48848 188100 76 171 1818 21060
114 49227 160450 73 44 354 7114
115 50706 51466 62 201 381 3196
116 50846 75593 24 89 288 2015
117 50846 75593 24 211 288 2015
118 50938 228925 21 121 3996 7539
119 51137 52009 150 201 48 204
120 51584 52484 83 82 451 2930
121 51643 106214 78 5 1261 4170
122 51656 60575 153 6 562 286
123 54085 117016 53 150 7584 24687
124 54862 76316 97 41 10728 20652
125 54897 111959 22 81 621 720
126 55214 629266 53 189 58884 12722
127 55272 57457 207 159 64 223
128 56267 200010 154 95 1143 8760
129 56837 57719 207 159 442 2618
130 57266 118409 96 82 3448 23760
131 57391 149634 113 188 445 8149
132 58114 170238 96 212 1134 7130
133 58114 170238 96 181 1134 7130
134 58400 198372 68 50 1162 7358
135 58400 198372 68 212 1162 7358
136 59181 148517 107 20 249 7171
137 59182 84704 82 32 1341 1740
138 59794 168480 113 189 1326 5204
139 60012 148424 194 198 1165 7245
140 60067 519279 18 51 14708 7290
141 60947 110819 76 199 1273 4641
142 60947 110819 76 211 1273 4641
143 61962 142226 195 212 1150 5940
144 61962 142226 195 10 1150 5940
145 62872 109126 39 101 1164 3480
146 63439 171404 20 47 8505 2880
147 63439 171404 20 212 8505 2880
148 64699 185701 174 70 2070 7502
149 64699 185701 174 213 2070 7502
150 64699 185701 174 213 2070 7502
151 65244 86476 198 210 309 1350
152 65244 86476 198 145 309 1350
153 66162 327427 126 152 8435 7192
154 67264 142927 201 150 7200 21669
155 67264 141727 201 150 6000 14446
156 67348 170369 86 151 2047 6076
157 67610 70238 193 104 1315 7098
158 67610 70238 193 210 1315 7098
159 72681 177665 29 25 290 8062
160 72701 162093 140 146 8376 2217
161 73365 301193 58 74 7522 7128
162 73624 176408 36 70 270 7175
163 74446 80208 16 152 249 1053
164 74566 82770 125 4 1210 1339
165 74812 77278 41 96 1234 6885
166 74882 159023 18 195 7938 31473
167 75159 318293 133 32 8546 6328
168 75696 78376 125 160 1341 1740
169 78026 82829 119 76 106 205
170 78026 82829 119 212 106 205
171 78965 80955 135 152 996 2106
172 79894 119020 181 91 7470 868
173 80943 214721 89 211 2222 7967
174 80943 214721 89 189 2222 7967
175 81474 292943 189 211 7495 5203
176 81474 292943 189 62 7495 5203
177 83274 87546 88 197 2137 8200
178 83413 199216 97 196 2220 5895
179 83413 199216 97 213 2220 5895
180 85309 88025 56 61 114 183
181 88635 99126 32 14 1305 211
182 88865 189450 204 39 1323 10491
183 88865 189450 204 212 1323 10491
184 88865 189450 204 212 1323 10491
185 89450 93722 76 26 2137 8200
186 89450 93722 76 211 2137 8200
187 89613 182866 53 70 416 7072
188 90635 187436 122 31 1272 8497
189 90690 182083 191 11 431 5940
190 90868 92431 192 213 81 293
191 90868 92431 192 213 81 293
192 90868 92431 192 85 81 293
193 90981 107989 124 153 8505 2880
194 91778 218074 118 131 1320 9504
195 92580 265123 83 211 2094 9040
196 92580 265123 83 53 2094 9040
197 93219 202158 172 10 2241 8510
198 93448 216140 94 212 1200 7223
199 93448 216140 94 212 1200 7223
200 93448 216140 94 162 1200 7223
201 95097 600698 116 157 14699 8052
202 95108 110723 172 196 7667 772
203 95136 97007 75 196 91 179
204 95199 260870 61 213 2245 8045
205 95199 260870 61 46 2245 8045
206 95929 110867 172 196 7470 868
207 95929 110867 172 212 7470 868
208 95946 199364 95 143 2131 6552
209 95988 97680 23 75 18 265
210 96922 204631 71 16 8424 3360
211 96922 204631 71 210 8424 3360
212 97361 99887 136 53 1264 8229
213 97361 99887 136 53 1264 8229
214 97697 186585 76 171 303 7020
215 105624 107922 106 213 1150 5940
216 105624 107922 106 22 1150 5940
217 105818 185760 78 163 278 5054
218 105937 110075 13 188 2070 7502
219 105985 195482 206 198 8386 2385
220 108170 110696 53 150 1264 8229
221 109794 111407 22 81 69 180
222 110429 585103 53 189 14721 6361
223 111801 114327 150 144 1264 8229
224 114532 115392 96 82 431 5940
225 116755 120895 19 199 2071 8502
226 116755 120895 19 212 2071 8502
227 116755 120895 19 213 2071 8502
228 116755 120895 19 199 2071 8502
229 118049 135057 139 117 8505 2880
230 125506 126366 61 112 431 5940
231 131283 146472 197 69 20 278
232 132260 136785 85 132 20 234
233 134529 136927 201 150 1200 7223
234 139122 143564 4 138 2222 7967
235 149764 152408 18 195 1323 10491
236 150897 161575 60 207 1404 280
237 156215 160657 61 69 2222 7967
238 156232 156836 173 212 303 7020
239 156232 156836 173 86 303 7020
240 158955 163393 43 82 2220 5895
241 173760 191718 205 1 8980 16090
242 175220 179708 76 205 2245 8045
243 183030 187518 150 3 2245 8045
244 183909 200999 104 115 8546 6328
245 212049 227037 94 206 7495 5203
246 215938 225598 117 39 460 171
247 225414 242444 53 210 8516 6333
248 225414 242444 53 130 8516 6333
249 225414 242444 53 210 8516 6333
250 327660 445426 200 62 58884 12722
90 284
1 61 1129 57
2 7 9 13 19 20 30 31 33 38 42 49 51 52 55 57 58 62 73 81 82 87 90 92 94 97 98 99 109 110 112 116 124 130 136 139 146 148 151 152 155 156 157 172 184 187 190 193 195 200 202 205 213 216 218 223 225 
2 64 965 41
1 3 5 8 10 12 16 17 22 25 39 48 67 83 89 94 99 100 112 114 115 117 126 130 133 137 147 149 151 156 161 177 178 182 184 192 194 206 212 220 223 
3 71 921 58
5 6 16 20 22 30 32 34 36 42 45 49 52 61 62 71 73 74 75 81 84 95 96 111 114 116 123 129 132 133 136 137 138 142 144 145 147 149 153 165 169 171 172 173 175 179 187 188 189 190 193 201 203 205 211 215 218 223 
4 46 877 59
6 11 13 14 18 19 30 31 37 43 47 59 60 63 64 65 66 71 75 78 80 87 89 90 93 95 104 113 114 118 124 132 133 138 147 150 153 154 157 158 163 169 170 171 174 175 180 184 188 193 194 201 205 211 215 217 218 221 225 
5 392 3280 45
1 6 13 23 25 28 30 31 32 45 47 51 52 54 60 66 71 74 80 85 92 95 101 108 114 120 121 126 129 134 136 140 141 142 143 157 165 169 173 175 185 198 200 211 223 
6 65 932 49
8 9 13 14 19 22 33 34 38 52 68 72 73 74 85 87 90 92 95 103 106 107 111 125 128 129 141 142 148 163 164 165 167 168 169 170 171 172 173 183 187 188 199 201 203 209 212 218 223 
7 138 1020 46
6 8 10 36 41 43 60 63 68 72 76 81 84 89 92 93 102 104 106 112 114 115 117 119 124 125 132 134 137 139 145 151 157 160 165 166 170 172 174 176 181 183 206 212 215 219 
8 52 658 65
1 6 8 11 13 14 15 20 23 28 30 36 41 43 44 46 47 48 51 54 56 61 66 67 76 85 87 88 95 98 102 109 110 112 113 114 117 120 122 123 125 126 131 134 142 145 155 156 167 168 170 174 175 186 190 198 199 204 207 213 214 216 219 224 225 
9 167 2698 60
1 9 13 15 16 18 22 26 28 30 33 39 40 41 43 45 47 48 53 60 62 67 72 76 77 78 79 88 89 91 92 96 97 98 112 113 119 121 124 125 127 128 134 138 139 144 149 156 177 183 194 195 196 197 202 206 208 214 221 223 
10 182 3740 58
3 4 6 13 14 15 21 22 25 26 30 33 47 49 51 57 59 62 71 74 84 85 89 95 99 101 109 110 112 116 119 121 123 126 129 132 133 134 136 141 142 143 144 145 154 158 164 166 168 171 174 175 177 184 190 213 217 221 
11 67 1042 52
2 3 7 12 26 33 35 38 39 42 43 53 67 77 81 83 97 98 105 107 108 109 110 116 117 121 128 130 131 136 141 143 148 151 154 156 165 168 169 175 176 179 186 195 196 198 199 200 201 219 221 223 
12 46 1042 51
13 14 20 21 30 33 34 45 52 54 59 66 71 85 89 91 92 96 99 100 101 111 113 116 119 121 123 124 131 132 136 140 141 145 153 156 167 169 171 174 175 179 188 189 190 192 202 208 210 221 223 
13 58 756 59
5 7 10 14 23 25 33 36 42 45 53 54 63 64 71 72 75 84 85 90 94 95 98 102 106 109 110 111 123 127 131 133 135 139 148 153 156 157 159 164 165 166 167 168 169 172 174 178 182 195 198 199 200 204 212 213 219 221 225 
14 29 1151 62
4 5 8 13 15 19 22 25 30 32 39 40 41 44 53 54 56 59 60 62 66 70 85 94 102 106 108 112 116 117 120 124 126 128 131 134 138 139 140 143 144 151 153 155 156 159 162 166 169 178 181 188 195 196 199 201 210 212 214 215 216 217 
15 53 724 56
1 2 3 6 10 15 17 18 20 24 25 35 39 41 42 47 48 49 52 60 66 78 82 86 87 88 89 92 94 96 97 99 102 105 114 118 121 129 133 137 143 147 150 159 162 166 175 176 185 193 196 197 208 212 215 222 
16 82 1129 64
1 3 7 11 15 16 18 20 22 24 26 31 34 35 39 44 47 51 60 62 64 71 74 76 79 85 86 88 91 94 97 100 103 108 111 114 115 117 118 121 122 124 125 129 132 137 143 151 156 159 166 168 169 170 175 184 185 190 197 202 204 211 213 215 
17 22 734 65
3 4 5 20 23 25 26 31 33 34 39 40 42 45 48 51 53 54 57 61 66 72 75 81 90 91 93 94 95 98 109 111 112 117 124 125 127 132 135 136 143 148 150 153 155 156 159 165 169 173 178 180 184 187 189 195 196 199 200 201 203 204 205 210 217 
18 149 3038 65
3 5 7 8 10 13 14 17 23 27 29 30 31 36 39 41 48 49 54 64 67 70 71 73 77 78 82 83 86 87 88 89 93 95 106 110 113 114 118 121 123 126 128 133 142 146 156 157 159 161 166 168 170 171 184 196 197 200 201 205 208 210 212 218 221 
19 53 658 50
1 5 8 10 13 14 26 37 39 41 44 47 56 58 60 70 80 81 84 85 92 93 94 95 102 108 118 126 128 137 144 146 151 153 160 166 169 170 172 176 180 183 186 198 201 207 210 215 217 225 
20 118 1097 48
1 2 4 5 6 13 20 28 33 36 39 42 47 54 61 66 72 76 84 85 91 98 102 106 111 113 120 121 122 133 139 155 156 159 164 165 169 172 187 199 201 207 209 214 217 219 220 221 
21 91 1140 52
1 4 23 24 25 27 33 44 46 60 61 62 64 71 72 73 85 96 98 102 103 113 114 116 127 128 134 143 146 150 155 157 159 163 165 167 169 173 174 175 179 183 186 187 196 200 201 202 208 213 214 221 
22 36 734 73
1 4 5 10 12 13 14 19 24 29 30 37 39 40 45 58 59 60 61 62 66 68 77 81 82 85 92 93 100 107 112 114 115 126 127 128 131 135 139 140 143 144 147 150 151 153 155 156 157 160 161 163 165 172 177 178 182 187 192 194 197 199 200 204 205 206 207 210 212 213 222 223 224 
23 17 844 62
6 7 8 9 13 20 23 25 34 36 38 43 44 45 48 49 61 65 66 75 82 83 84 85 90 91 94 95 96 99 106 110 118 124 125 127 130 132 138 144 147 148 150 152 154 159 168 173 174 183 184 185 190 192 194 196 208 213 216 217 219 225 
24 62 691 58
4 5 10 13 16 27 29 30 32 33 34 37 41 56 59 67 68 77 81 102 104 108 112 117 119 120 124 125 126 128 134 136 139 145 149 152 159 161 162 164 166 167 169 170 175 182 195 197 198 199 201 207 209 215 216 217 220 221 
25 63 1009 49
1 9 13 14 16 22 25 26 32 42 45 57 58 66 67 70 73 84 92 96 99 104 106 110 111 116 119 124 136 139 141 147 148 152 153 156 168 173 177 182 189 194 198 203 214 215 216 221 222 
26 72 899 51
3 9 13 19 27 31 32 33 34 39 42 44 55 59 62 66 73 75 80 81 90 95 97 98 99 103 106 116 117 126 128 132 147 152 153 154 157 165 166 168 174 177 182 184 185 188 190 195 199 201 221 
27 45 702 63
4 13 14 16 18 26 27 30 37 39 41 44 52 57 58 59 60 68 72 74 76 77 81 82 87 93 94 96 97 98 102 108 109 112 114 116 123 126 127 133 141 145 146 151 156 162 163 170 171 175 182 183 188 196 198 199 201 209 212 213 215 221 225 
28 49 778 51
1 2 5 6 11 13 19 22 30 36 42 45 46 49 61 65 66 67 91 93 106 107 111 112 119 121 123 124 126 132 136 142 143 145 147 150 155 165 170 171 172 173 184 185 188 202 211 214 216 217 222 
29 66 899 61
2 5 10 17 18 20 23 37 40 48 49 52 53 54 55 61 63 65 66 67 70 72 73 80 82 88 89 90 91 92 95 97 106 110 111 118 119 121 126 133 136 143 150 154 155 157 158 159 168 169 170 184 185 189 194 196 201 202 204 205 211 
30 77 1042 43
1 5 8 13 14 16 25 30 31 32 34 37 39 45 49 52 59 62 63 65 66 68 70 71 72 75 78 80 112 116 121 137 142 155 159 167 175 176 208 212 215 216 221 
31 48 756 63
4 6 20 21 22 23 25 26 28 33 36 37 40 48 53 57 62 65 66 71 74 78 83 85 87 91 93 102 105 109 111 112 121 125 126 129 131 135 141 143 146 157 162 163 166 168 169 171 173 175 176 180 182 186 188 189 190 191 199 200 204 221 223 
32 62 943 57
10 13 24 28 29 32 40 43 44 45 46 48 53 63 71 82 90 102 108 111 114 115 117 118 120 124 125 126 127 137 139 144 146 148 149 155 156 161 162 163 167 174 176 177 182 190 193 194 195 196 203 207 211 212 214 217 224 
33 48 811 55
7 8 22 24 32 40 45 47 51 55 56 57 58 59 61 65 68 73 75 79 102 115 117 119 120 121 124 129 134 135 137 139 153 155 159 160 162 166 170 175 176 182 183 185 189 192 194 195 196 200 203 207 212 214 217 
34 34 691 53
2 14 18 21 23 28 36 62 64 67 68 72 73 76 78 80 82 83 90 92 94 100 102 104 105 107 110 112 118 120 121 122 123 133 136 146 155 157 164 167 169 174 175 180 183 186 199 200 201 209 211 216 222 
35 28 745 49
6 14 20 25 28 36 39 40 43 45 53 65 71 77 87 89 96 101 106 108 111 116 117 118 120 121 122 123 124 131 133 134 138 141 142 144 145 147 148 158 166 167 179 190 208 212 215 221 222 
36 168 4004 58
4 5 13 16 18 27 28 29 30 33 43 44 47 53 56 60 63 66 67 71 73 75 80 81 84 85 92 97 102 115 116 124 125 127 133 138 139 141 144 146 160 161 163 167 172 174 175 179 186 192 196 198 200 207 213 215 216 223 
37 159 2709 58
3 8 24 26 30 31 43 47 51 52 53 57 59 60 63 76 77 79 81 87 96 97 99 101 102 107 110 117 118 119 127 134 137 139 141 146 151 154 159 160 168 170 174 175 176 182 183 186 193 194 195 197 203 206 208 209 213 215 
38 87 702 48
1 6 8 14 18 24 26 28 32 34 39 42 43 45 46 48 52 56 64 66 69 72 75 80 82 91 95 104 116 118 123 124 138 155 158 159 162 166 167 168 195 197 202 207 210 212 221 222 
39 62 899 50
4 7 13 17 18 22 31 32 33 37 43 46 47 58 63 64 67 70 71 73 76 78 82 84 86 92 96 97 106 112 119 136 142 153 159 162 164 166 170 180 185 186 189 197 201 212 214 215 221 224 
40 367 4004 54
4 7 10 13 29 36 37 39 59 60 66 75 82 84 87 92 93 94 98 99 102 104 107 108 110 113 117 123 124 126 128 134 139 143 144 153 157 162 165 169 175 176 178 183 188 192 198 199 211 213 215 221 223 224 
41 167 2545 58
2 14 18 20 22 24 28 31 32 33 44 53 57 59 64 79 83 86 88 89 92 93 94 100 111 112 113 115 116 117 118 121 134 135 137 138 141 143 154 155 156 157 159 164 168 169 170 171 177 182 183 192 194 195 206 214 215 216 
42 48 800 70
2 3 5 7 15 16 21 22 24 25 27 28 33 38 39 42 48 56 58 60 62 63 66 67 68 73 80 82 84 85 92 102 103 104 105 106 107 108 117 118 119 121 122 126 130 131 132 134 135 136 146 148 149 150 151 152 156 161 166 169 171 176 181 193 196 198 201 207 214 223 
43 76 866 52
4 5 8 13 14 16 27 29 34 36 38 39 47 63 65 72 73 75 80 81 85 96 108 111 122 126 130 134 141 143 144 145 146 149 151 152 154 162 164 165 175 176 177 191 195 197 198 199 203 216 220 221 
44 65 811 60
1 2 3 5 12 13 15 21 25 28 29 32 35 36 38 41 43 52 58 63 68 75 80 81 83 93 94 106 107 114 117 118 119 120 122 124 130 131 136 143 144 151 156 164 168 171 178 186 188 197 198 199 200 201 206 207 210 219 224 225 
45 42 724 56
3 6 8 20 21 22 24 27 28 32 53 56 62 73 76 78 82 85 90 91 92 93 104 105 109 114 120 121 122 123 126 127 131 132 140 141 142 143 152 163 167 170 177 180 186 187 188 190 198 199 200 201 207 211 214 225 
46 82 734 63
4 5 8 15 35 39 41 42 48 53 58 66 72 73 75 77 78 83 84 85 90 102 107 109 114 117 118 120 121 122 123 124 131 135 140 141 142 143 144 145 146 151 152 155 169 170 176 177 179 187 190 191 196 199 201 206 207 210 211 216 217 220 225 
47 51 1097 66
2 4 5 13 21 23 29 31 32 33 36 38 45 48 53 55 58 60 61 62 64 65 66 67 72 75 77 80 83 84 85 90 91 94 98 99 101 102 109 110 117 125 126 130 132 134 142 143 148 152 153 159 162 164 166 167 177 184 186 195 199 200 205 216 221 223 
48 47 910 51
3 7 8 13 18 21 22 25 41 44 53 59 62 67 83 88 92 93 95 100 103 106 107 109 112 113 117 126 134 139 141 143 144 146 148 149 151 153 157 165 175 179 196 201 205 210 213 216 221 223 224 
49 55 932 59
3 4 10 28 29 30 31 33 36 39 40 44 45 47 48 56 57 64 67 70 71 81 88 91 93 96 97 101 104 111 118 119 120 121 125 126 136 138 145 151 153 154 157 161 162 167 169 174 176 179 182 183 192 197 203 207 211 212 214 
50 33 658 55
3 10 11 14 17 27 29 31 33 36 39 52 55 56 58 64 70 71 73 82 86 89 97 99 101 109 118 119 120 121 123 129 136 138 145 146 147 150 151 155 157 159 162 166 168 170 171 173 192 197 200 207 211 215 224 
51 68 921 56
2 3 5 6 12 21 26 31 41 42 45 57 58 65 66 67 75 76 85 88 93 94 98 100 102 109 111 113 117 121 122 126 127 131 141 144 145 146 152 154 162 174 176 177 178 179 180 182 187 195 196 198 202 206 214 221 
52 31 724 51
6 14 20 22 27 29 34 37 46 49 54 58 60 62 63 64 66 67 70 79 88 91 104 110 118 119 121 124 126 154 166 167 168 170 171 175 177 185 189 190 192 197 205 210 211 212 213 215 221 222 224 
53 54 691 60
5 8 9 17 20 24 25 27 29 32 35 36 40 45 47 49 52 55 60 61 62 71 74 81 83 84 85 87 94 96 99 100 106 109 110 112 113 117 119 122 131 132 142 143 147 157 158 165 171 174 175 177 179 185 188 192 200 211 221 223 
54 51 954 58
5 7 13 16 18 19 25 26 28 33 37 39 53 58 60 67 74 75 80 81 83 85 88 92 93 94 104 108 112 113 115 117 119 126 128 134 148 150 151 156 157 166 172 175 176 178 183 193 195 196 198 199 215 216 219 221 223 225 
55 61 1075 49
1 5 6 23 29 30 31 32 35 38 39 45 50 52 55 59 62 80 94 95 98 99 100 101 112 113 119 120 121 124 125 138 150 151 152 166 169 173 174 182 183 184 188 194 195 211 217 219 222 
56 46 1151 58
6 11 13 17 21 22 23 25 26 28 30 31 36 38 41 48 51 52 53 55 58 65 67 70 77 80 88 92 94 95 96 100 101 106 111 113 117 125 129 131 133 134 136 141 142 148 158 168 173 177 189 190 194 196 210 214 219 221 
57 54 976 54
2 3 6 8 9 10 11 15 28 33 34 40 41 42 45 46 48 51 52 55 60 62 66 72 78 86 88 92 96 97 98 106 111 112 114 120 126 135 139 143 145 150 157 163 166 168 184 193 195 197 202 204 212 222 
58 53 866 48
3 4 5 10 12 13 14 15 17 25 29 30 41 43 55 78 85 88 89 91 92 97 104 112 113 114 116 129 134 136 139 142 168 170 171 174 177 183 197 198 201 205 210 214 215 218 223 225 
59 91 2983 60
1 2 3 9 10 11 16 29 33 40 41 44 48 66 67 70 71 76 78 81 87 88 89 90 91 97 98 106 108 113 114 115 118 122 126 127 129 133 136 137 139 143 144 151 154 156 159 161 173 188 190 194 201 205 211 214 217 218 223 224 
60 28 888 61
3 14 16 20 21 22 23 28 30 40 45 47 48 49 55 59 60 63 64 66 67 73 83 85 89 91 92 96 101 104 106 109 111 116 118 120 123 126 133 134 136 138 139 140 142 145 153 157 160 172 173 174 175 180 183 185 208 211 221 222 225 
61 78 724 63
1 2 8 13 14 19 23 26 30 37 42 43 44 45 46 47 49 54 57 58 61 64 65 66 67 76 84 92 95 102 109 111 116 120 123 133 135 139 140 141 146 150 156 165 168 174 178 180 182 183 190 191 193 200 202 207 209 212 213 214 216 219 223 
62 52 745 55
27 28 31 39 45 46 47 48 53 57 60 64 66 71 82 86 87 88 89 91 96 102 103 106 111 113 116 118 119 121 126 127 130 134 138 143 145 146 162 167 176 190 192 194 195 196 198 207 214 215 216 217 218 223 225 
63 62 833 65
2 6 7 11 18 20 21 22 24 25 28 35 36 38 45 51 53 57 58 67 71 72 73 75 77 85 88 92 93 94 97 98 100 102 104 105 109 118 120 121 122 123 131 133 134 135 136 142 146 156 166 168 174 176 178 183 186 187 195 199 207 213 221 224 225 
64 71 899 49
11 13 18 20 32 42 45 48 51 52 53 56 64 74 77 86 87 88 91 94 98 111 118 119 121 124 128 130 136 144 145 147 149 151 153 154 166 168 169 177 193 194 197 203 204 206 208 215 221 
65 39 691 54
25 27 29 31 36 37 41 44 45 48 59 60 63 65 66 76 81 82 91 92 94 103 107 112 113 114 115 118 119 120 122 127 132 143 144 146 148 149 153 155 161 168 169 177 183 187 188 192 200 204 205 211 223 225 
66 131 2424 65
3 6 9 13 14 19 22 25 28 31 32 38 39 49 51 57 58 60 64 67 70 71 85 91 92 94 95 97 99 100 101 104 110 116 117 119 121 126 133 139 140 143 144 152 154 156 157 158 162 164 167 174 177 182 185 190 198 208 214 216 219 221 222 223 225 
67 49 1140 56
4 6 8 13 15 17 25 29 30 40 45 46 47 49 51 54 55 57 61 63 64 72 78 81 82 87 95 97 109 111 118 121 123 126 133 134 136 137 138 141 145 147 149 150 157 163 166 168 174 185 210 212 213 217 221 225 
68 51 1129 63
2 5 6 9 23 26 32 33 34 36 38 41 44 46 48 63 70 71 75 80 83 84 88 90 94 99 103 108 112 123 125 126 131 134 136 138 139 144 146 148 150 151 155 165 166 176 180 182 183 184 195 196 198 199 200 201 204 207 208 216 221 223 225 
69 68 1042 63
3 8 9 17 18 31 39 41 42 49 54 56 57 61 65 67 68 70 77 83 86 88 89 94 97 102 104 105 111 112 115 116 118 121 125 126 129 135 137 138 143 144 145 149 151 153 154 156 162 169 176 178 182 184 187 192 195 197 206 207 212 215 221 
70 54 844 53
2 5 14 18 19 22 24 26 27 37 38 58 59 60 66 68 72 77 81 90 92 93 95 96 103 107 108 112 114 121 123 127 128 134 139 143 144 145 148 161 164 168 171 178 181 182 187 191 199 201 210 212 219 
71 38 1097 67
2 8 14 25 29 32 34 43 45 47 49 52 54 60 62 63 66 67 68 70 75 84 88 91 92 93 96 100 104 107 112 114 116 120 121 123 132 135 138 142 145 146 150 151 153 154 163 166 167 171 175 176 184 185 192 196 202 204 205 208 211 212 215 216 217 220 222 
72 47 800 57
5 7 10 13 14 16 17 20 21 28 33 41 47 49 59 60 62 63 65 79 82 84 85 89 92 100 104 109 110 114 119 121 123 126 132 136 138 145 151 154 155 157 159 172 175 179 189 190 205 208 210 211 213 217 218 221 222 
73 49 899 62
2 5 7 8 11 24 28 33 34 45 48 53 54 64 67 71 74 75 76 79 81 84 85 87 88 89 94 97 98 102 106 113 115 119 122 127 128 129 130 137 138 139 141 142 145 146 149 154 156 177 181 189 192 202 208 211 213 214 217 218 221 224 
74 38 910 61
6 8 11 14 15 24 26 27 29 30 34 40 47 48 51 56 59 63 64 66 71 72 74 78 81 86 87 88 89 90 91 93 95 104 108 112 113 114 116 124 138 143 146 150 153 154 155 157 159 162 166 177 193 196 197 202 208 215 216 217 220 
75 69 811 51
2 5 10 12 22 25 26 29 31 33 40 41 44 49 53 54 57 72 78 79 81 89 92 94 97 100 105 106 111 112 117 118 125 127 128 137 138 144 151 154 156 159 166 181 184 190 192 195 202 206 222 
76 143 2676 47
2 5 8 9 11 13 16 22 27 29 30 31 33 45 47 52 56 57 63 71 77 78 81 85 89 96 119 120 124 126 133 137 138 146 151 159 167 168 173 176 182 195 206 208 212 213 215 
77 30 658 52
4 5 7 13 15 21 24 25 28 36 42 43 54 56 58 75 94 100 109 113 114 117 120 122 123 126 127 131 133 134 141 145 148 149 152 167 169 170 174 180 186 187 191 198 200 201 206 211 213 216 219 222 
78 41 1118 62
7 8 10 12 14 21 23 25 28 29 32 38 39 40 43 44 45 47 52 58 66 90 92 94 100 102 104 116 117 119 122 123 126 127 139 143 152 157 166 167 168 172 174 175 178 179 180 186 187 190 191 196 197 199 200 209 212 213 216 217 224 225 
79 30 789 58
2 3 5 7 8 9 14 20 27 29 37 41 49 51 52 53 55 57 60 63 66 70 71 73 77 78 81 83 92 97 104 105 109 110 116 118 123 126 142 151 154 156 157 161 165 167 193 197 204 207 208 210 212 215 222 223 224 225 
80 45 976 59
3 5 7 8 9 13 20 22 24 26 36 42 45 52 53 55 58 72 74 76 77 79 81 88 89 98 115 118 122 128 133 136 138 143 144 146 147 151 156 161 169 173 181 182 185 187 188 189 201 203 204 208 211 214 215 217 220 222 224 
81 28 943 57
1 2 8 14 15 16 18 22 25 31 40 41 42 43 44 49 51 53 57 63 68 71 72 74 79 85 102 105 108 112 113 116 119 126 127 131 137 138 144 151 155 166 173 175 176 179 182 183 184 192 197 204 213 220 221 222 223 
82 51 987 49
3 5 8 17 20 26 31 37 43 45 47 51 52 53 55 59 60 62 64 66 67 72 80 93 98 101 104 114 118 124 143 144 151 154 155 159 165 166 167 170 184 185 189 192 193 201 209 221 224 
83 122 1086 51
2 5 23 24 27 29 45 47 48 55 62 66 67 74 82 86 89 97 98 99 100 106 113 116 118 124 126 127 129 137 143 145 150 151 156 159 161 166 167 168 177 182 184 192 202 204 205 207 216 218 222 
84 150 2928 76
5 8 10 12 20 22 24 25 27 31 40 41 45 47 52 57 59 63 65 71 75 76 77 79 81 84 85 87 93 94 96 103 106 107 108 114 117 118 119 120 126 129 134 135 139 142 143 147 150 153 155 156 157 160 161 162 168 169 171 176 181 183 188 189 192 193 194 195 196 198 203 207 212 214 217 222 
85 77 1097 61
3 13 16 27 29 31 33 36 38 39 42 48 56 58 61 62 63 66 67 68 72 73 75 76 83 85 90 93 96 100 104 107 108 110 116 119 122 125 126 134 138 145 161 164 166 170 172 178 180 182 186 196 198 202 203 209 210 212 214 220 225 
86 37 910 46
6 14 25 26 31 40 42 45 51 52 56 58 62 63 66 74 92 97 98 104 105 112 116 117 118 131 136 138 144 151 154 159 173 175 176 179 185 193 208 210 211 215 220 221 222 223 
87 60 1097 45
2 14 15 17 18 22 46 47 48 49 51 53 71 77 78 83 86 94 106 109 110 113 114 118 121 129 132 133 142 148 158 160 167 170 171 185 186 194 210 212 214 215 221 223 225 
88 33 1009 46
5 8 13 26 32 36 37 40 43 44 58 60 72 90 92 95 96 100 104 106 108 112 117 123 128 135 138 143 144 152 165 166 167 173 176 180 183 186 191 195 199 200 202 205 216 217 
89 49 998 60
1 4 5 6 8 13 14 15 16 22 25 26 27 28 29 33 37 39 48 54 56 58 59 60 61 62 63 72 75 77 85 90 93 100 102 104 106 107 128 135 138 139 143 151 155 159 160 164 187 188 197 198 199 201 212 213 220 221 223 225 
90 157 3082 56
3 4 6 9 13 17 19 23 29 30 31 32 36 37 39 43 45 46 49 52 53 54 55 61 62 64 65 66 71 80 92 94 96 97 116 123 125 129 130 132 134 146 151 157 158 175 177 185 186 192 195 202 214 216 221 225 
1 226 159868 167 143 19856 31008
2 453 142494 167 143 2482 7752
3 2994 138029 87 203 300 7098
4 3588 132884 8 104 2727 5503
5 3624 59079 76 149 2524 2200
6 7185 94161 164 55 471 6300
7 7373 55682 97 16 2696 1738
8 12829 81048 75 170 1340 5328
9 13755 130523 114 154 294 6246
10 13798 2245934 60 219 2005024 22308
11 14576 80364 155 227 2925 9376
12 15599 42214 102 221 2262 3801
13 15967 33883 196 104 1625 4688
14 17108 93259 94 116 299 4662
15 17330 38917 107 94 1125 844
16 17748 857454 123 11 468500 77280
17 19033 47719 100 175 1220 3350
18 24822 28634 192 228 674 217
19 24822 28634 192 198 674 217
20 25659 80043 75 170 335 2664
21 26709 56621 28 174 264 900
22 27596 742166 60 219 501256 11154
23 27596 742166 60 226 501256 11154
24 27596 1368736 60 219 1127826 22308
25 27596 992794 60 219 751884 16731
26 27596 742166 60 226 501256 11154
27 27706 400173 182 227 17856 4940
28 27706 400173 182 107 17856 4940
29 28661 371246 2 123 36336 8982
30 29153 77764 155 223 325 2344
31 29153 77764 155 227 325 2344
32 29391 115949 34 143 1395 7830
33 29391 115670 34 143 1116 7830
34 29883 137166 33 36 2622 11385
35 30087 59097 89 135 431 1760
36 31199 40329 102 221 377 1267
37 31928 32526 30 191 300 7098
38 31935 32583 196 104 325 2344
39 32994 33854 215 107 431 1760
40 33687 58842 118 229 287 1750
41 33687 58842 118 210 287 1750
42 34469 816625 24 18 287336 58968
43 34661 37917 107 94 125 211
44 35496 506079 123 11 117125 38640
45 36734 47964 3 142 316 2205
46 38067 46804 100 175 305 1675
47 39083 51320 41 109 534 1522
48 40087 164329 169 157 353 7540
49 41340 267606 89 95 23391 29376
50 45114 45700 200 195 294 6246
51 45304 311698 104 63 13626 37504
52 46077 47143 108 121 534 1522
53 46304 188201 37 227 2177 18792
54 46425 305533 65 112 11160 33000
55 46572 381741 151 116 17882 4396
56 47586 353963 174 53 9067 6417
57 48573 153601 24 123 23382 5160
58 51026 163354 109 116 537 5278
59 52335 237284 215 217 2124 29268
60 52335 238346 215 217 3186 39024
61 52809 265996 111 226 16170 24042
62 53419 56401 28 174 44 300
63 55185 220684 28 207 14031 25760
64 55193 366224 60 219 125314 5577
65 55296 177566 175 229 354 7790
66 55296 177566 175 224 354 7790
67 56624 176408 25 53 324 6309
68 56731 115749 142 37 289 4956
69 57322 343994 2 123 9084 4491
70 58782 114833 34 143 279 3915
71 59767 134981 33 36 437 3795
72 61038 132576 80 145 541 2808
73 61572 791516 100 76 253224 51300
74 61707 143647 50 209 342 7420
75 62911 133530 199 81 115 464
76 68939 570337 24 18 41048 19656
77 68958 169496 80 118 6368 4508
78 69662 142605 222 53 380 5565
79 70992 412379 123 11 23425 19320
80 72990 671433 126 8 369216 62448
81 73881 407873 166 8 24370 13910
82 74807 258623 53 125 43299 10884
83 79128 162430 116 37 1638 732
84 80590 114035 54 51 275 2421
85 81632 143925 91 159 518 4960
86 82681 246814 89 95 2599 7344
87 82884 142124 3 221 316 4265
88 86033 112587 45 145 381 1961
89 90298 243202 142 137 2588 5654
90 90609 299586 104 63 1514 9376
91 90609 299586 104 228 1514 9376
92 91681 277245 20 96 17841 2240
93 92609 186335 37 54 311 6264
94 92609 186335 37 227 311 6264
95 92609 186335 37 226 311 6264
96 92851 295768 65 112 1395 8250
97 93583 185458 25 67 540 5574
98 93749 147207 69 227 512 3942
99 93749 147207 69 227 512 3942
100 93749 147207 69 227 512 3942
101 93749 147207 69 229 512 3942
102 93749 147207 69 123 512 3942
103 96073 144740 159 6 301 2838
104 97147 132817 24 228 2598 1290
105 97147 132817 24 123 2598 1290
106 97824 197716 102 8 1656 15254
107 98387 304113 116 93 1788 14406
108 99983 293998 20 112 1632 8402
109 100153 233505 149 116 315 7378
110 100153 233505 149 229 315 7378
111 100271 100953 76 164 342 7420
112 100558 127061 202 52 2577 903
113 101515 604179 36 226 18040 7830
114 101515 604179 36 226 18040 7830
115 101515 604179 36 226 18040 7830
116 101515 604179 36 75 18040 7830
117 102335 354083 134 187 13725 24580
118 103531 232391 83 120 534 6640
119 103570 163269 145 31 484 6402
120 104671 235514 215 217 354 9756
121 105619 253060 111 226 3234 12021
122 105621 162533 182 194 548 4737
123 106067 228157 166 187 287 7512
124 108231 210414 169 229 1409 8153
125 108231 210414 169 140 1409 8153
126 108542 109248 160 116 354 7790
127 109646 110406 114 184 381 1961
128 110371 208212 28 207 1559 6440
129 110371 208212 28 226 1559 6440
130 110386 258812 60 219 17902 1859
131 116988 330963 8 195 35560 4914
132 116988 338075 8 195 42672 7371
133 118140 366928 149 27 3318 24696
134 118909 121258 193 78 51 248
135 119874 306080 2 32 6885 6966
136 120143 585380 217 125 17856 6498
137 122106 127300 129 52 2598 1290
138 122295 125461 30 151 37 177
139 123145 580496 100 76 42204 17100
140 123145 580496 100 226 42204 17100
141 123715 425158 187 126 24295 12700
142 125822 133438 199 81 23 232
143 126548 495711 192 209 10254 9405
144 129541 165221 104 92 17841 2240
145 129672 282966 125 24 13625 2216
146 132191 265404 156 204 440 8330
147 133015 268086 168 66 76 350
148 133287 264191 196 66 312 6580
149 133388 352955 139 207 7032 6075
150 135471 166393 122 64 1502 2684
151 135669 290657 25 226 12535 1890
152 137632 484733 139 227 10256 7806
153 137632 484733 139 107 10256 7806
154 137878 539551 24 18 10262 9828
155 137916 164720 80 118 1592 2254
156 140137 302723 209 116 6952 3690
157 141108 237850 64 228 414 7627
158 141108 237850 64 210 414 7627
159 141985 393639 123 11 4685 9660
160 142627 143331 82 53 353 7540
161 142796 428277 68 138 83205 6200
162 143126 234585 208 225 404 6559
163 143707 144779 2 143 537 5278
164 144372 231333 30 132 4890 3402
165 144504 345116 24 11 6920 4556
166 144719 145685 40 177 484 6402
167 145981 343241 126 8 41024 15612
168 146347 406684 225 85 17943 2898
169 147326 295143 5 39 7119 3025
170 147763 388377 166 8 4874 6955
171 148552 528636 190 75 10260 7272
172 149615 220135 53 125 4811 2721
173 150529 151157 20 63 315 7378
174 153121 157473 39 99 2177 18792
175 153121 157473 39 226 2177 18792
176 153121 157473 39 226 2177 18792
177 158257 161065 116 37 273 244
178 159525 195235 114 168 17856 4940
179 162598 353234 144 212 18360 944
180 165302 245612 14 73 526 5502
181 165322 388049 164 195 18047 2521
182 166099 350903 32 205 2494 10032
183 166099 350903 32 229 2494 10032
184 167123 293872 80 145 325 8073
185 167502 242511 179 156 436 4896
186 168938 387014 59 157 44226 32160
187 169484 347615 137 126 2705 8627
188 171066 176240 42 125 2588 5654
189 173006 245897 205 111 458 3618
190 173453 195771 134 77 11160 33000
191 174081 174983 33 196 19 271
192 175125 177355 166 181 33 207
193 177224 183288 89 3 801 226
194 178451 291438 158 84 395 7023
195 180465 227098 23 66 427 3220
196 191483 289609 128 5 2699 4080
197 193465 613947 171 110 9133 7800
198 194742 286180 29 180 2641 3019
199 195602 313600 117 19 453 10146
200 195648 196474 102 226 414 7627
201 195648 196474 102 226 414 7627
202 195648 196474 102 8 414 7627
203 196774 302772 116 93 447 7203
204 199044 296295 94 159 489 5456
205 199967 292774 20 112 408 4201
206 201444 344203 221 190 1490 7316
207 203265 251086 124 70 541 4715
208 203679 604248 146 194 9079 5850
209 204564 308974 214 101 366 8024
210 204564 308974 214 226 366 8024
211 204671 341883 134 187 1525 6145
212 205581 254212 137 20 2541 2680
213 205581 254212 137 227 2541 2680
214 206488 224620 197 81 9067 6417
215 206754 308294 27 95 358 6740
216 209085 250952 126 125 2741 2117
217 209603 210517 113 48 458 3618
218 211239 250365 111 226 539 4007
219 211239 250365 111 40 539 4007
220 212478 223677 162 39 508 268
221 220984 226470 225 207 45 257
222 223034 232052 63 222 889 189
223 224411 347690 107 192 7065 3045
224 230488 235896 195 45 2705 8627
225 233081 237067 39 224 508 268
226 233081 237067 39 227 508 268
227 233976 302515 8 195 7112 2457
228 235101 339585 37 211 6899 2283
229 235325 366078 167 76 416 10040
230 235951 237001 39 75 526 5502
231 236281 364084 149 27 474 8232
232 236419 305817 223 168 1415 4644
233 237408 411349 113 9 4882 7938
234 238555 552749 24 88 7056 7917
235 239615 381687 82 89 279 7525
236 239749 300572 2 32 1377 3483
237 240262 245658 103 24 2699 4080
238 240262 245658 103 226 2699 4080
239 240714 724936 162 143 18068 5226
240 240760 363135 146 11 323 5794
241 242000 294818 13 31 7083 2039
242 246290 545326 100 76 7034 5700
243 246290 545326 100 226 7034 5700
244 247085 247799 221 31 358 6740
245 247430 405722 187 126 4859 6350
246 259344 272066 125 24 2725 1108
247 259687 706476 141 28 18100 4546
248 261517 299591 138 28 2655 1050
249 262752 268523 184 49 2503 875
250 262819 267316 184 49 1362 277
251 265127 480527 39 44 4914 8040
252 265127 480527 39 226 4914 8040
253 265864 432354 2 227 2648 8910
254 265864 432354 2 22 2648 8910
255 266031 268029 168 66 19 175
256 267031 441874 12 228 2494 7350
257 267031 441874 12 90 2494 7350
258 269976 272728 13 165 1377 3483
259 270324 438555 197 63 2534 5953
260 270666 474899 215 71 4937 6030
261 271339 280629 25 104 2507 945
262 271339 280629 25 226 2507 945
263 271345 428669 48 59 2592 7484
264 272713 282476 23 143 2023 291
265 274895 312610 162 229 324 3906
266 274895 312610 162 229 324 3906
267 274895 312610 162 100 324 3906
268 276006 364295 16 85 9182 2124
269 280333 311612 78 52 365 3046
270 285084 286030 66 26 474 8232
271 285592 354317 68 138 9245 1550
272 291963 312473 126 8 10256 7806
273 292066 305862 48 185 6899 2283
274 300640 301286 182 7 324 3906
275 303722 313484 172 166 4882 7938
276 325197 336914 144 212 2040 236
277 337876 347702 59 157 4914 8040
278 354781 359847 32 167 2534 5953
279 362344 380500 8 226 9079 5850
280 362344 380500 8 89 9079 5850
281 366582 371876 28 228 2648 8910
282 366582 371876 28 227 2648 8910
283 366582 371876 28 188 2648 8910
284 390871 409027 89 159 9079 5850
